100 100
631	61	62	24	41	22	88	94	76	82	86	59	45	52	59	45	77	76	93	42	38	29	15	48	25	64	83	35	73	46	55	29	42	84	58	19	38	87	14	38	50	62	46	75	75	89	14	37	45	30	89	17	62	23	69	33	80	32	24	21	11	80	18	48	88	25	28	84	14	71	93	16	11	56	79	78	60	59	14	33	31	56	63	89	64	86	71	48	23	35	63	79	69	78	66	14	75	18	70	72	
34	68	96	74	10	74	64	49	30	12	27	90	13	58	71	66	27	93	24	86	54	74	25	50	39	27	69	40	24	75	94	25	77	63	77	65	95	62	76	16	44	20	69	28	69	73	30	61	48	54	65	93	80	37	36	17	95	95	83	51	32	35	19	83	54	10	83	57	95	86	82	97	94	77	80	76	65	80	75	84	86	61	33	40	71	26	28	29	73	77	10	34	43	80	57	94	99	91	47	60	
959.47
952.1
150.84
176.3
851.11
761.64
702.09
377.01
644.74
645.51
622.5
242.39
487.17
453.79
749.99
994.34
953.51
589.22
499.92
341.15
132.3
124.67
517.94
386.3
441.63
901.72
572.65
603.9
312.27
121.45
392.3
222.89
558.69
997.82
706.36
263.48
903.32
816.29
760.23
915.03
785.83
809.98
418.05
981.9
964.75
244.91
777.85
742.92
514.8
576.79
540.52
931.42
550.26
847.54
418.18
893.68
908.83
514.45
610.37
927.38
750.67
537.46
299.41
391.88
728.91
249.3
916.24
341.06
919.33
378.3
960.67
734.88
553.32
565.46
685.62
628.56
380.35
286.83
560.19
939.8
660.32
167.76
837.54
752.63
915.98
272.07
769.56
152.82
686.97
345.52
303.73
887.07
195.53
569.6
867.69
320.1
289.22
891.64
480.2
744.55
128.65
425.76
254.52
704.82
174.53
958.15
122.78
755.75
119.01
329.87
831.21
241.25
265.18
721.65
446.62
138.8
990.01
236.13
132.61
409.44
653.1
767.47
201.69
403.16
127.7
503.34
788.61
765.21
910.92
779.34
875.34
734.11
525.03
302.75
694.08
384.36
191.74
502.59
886.41
214.66
625.88
453.26
562.81
229.3
962.8
332.93
644.86
477.36
116.21
601.6
226.37
151.05
130.17
244.89
186.19
670.93
556.93
984.14
939.78
994.08
308.99
499.78
325.45
631.52
661.12
819.39
737.84
330.69
480.29
573.04
104.34
131.91
467.45
199.95
750.67
316.54
189.7
263.4
308.14
295.4
568.14
517.5
378.44
676.94
290.99
915.0
965.84
755.31
489.93
559.84
622.39
146.06
475.8
572.03
262.92
184.31
821.59
429.2
566.77
928.38
648.85
360.33
984.19
434.63
117.13
716.09
190.94
375.02
855.71
704.64
114.13
505.83
469.2
536.79
287.21
629.28
166.34
355.64
435.24
940.81
168.82
778.73
272.93
613.83
452.21
516.44
777.47
455.14
209.43
209.47
172.38
864.21
676.25
962.74
722.69
122.18
692.58
798.71
750.44
547.66
421.47
510.88
818.05
341.78
573.15
529.33
958.27
823.11
937.92
851.57
366.79
308.23
539.42
333.21
484.46
710.55
925.8
626.72
835.25
186.26
420.1
996.98
231.7
474.67
160.09
177.45
905.05
988.78
682.63
215.53
366.45
308.3
702.99
712.31
494.52
571.07
200.75
586.26
953.99
779.44
186.44
564.33
743.11
331.28
904.51
514.39
732.2
463.34
994.62
803.75
615.52
230.14
496.62
126.42
635.05
892.75
262.2
558.64
533.73
464.02
738.7
942.07
734.15
524.78
964.82
397.32
770.31
691.98
784.69
866.01
302.27
658.5
462.05
699.61
978.53
670.71
110.43
517.63
739.71
894.02
684.43
833.65
115.41
947.96
755.79
645.19
913.89
895.33
190.31
833.24
789.53
279.38
769.08
627.02
272.15
822.97
223.95
650.48
490.52
328.07
608.92
519.91
284.29
969.14
165.47
102.73
536.4
852.64
691.9
778.45
536.02
706.65
401.07
339.98
552.11
124.75
171.75
777.81
256.16
774.48
805.15
463.64
706.82
807.89
876.76
221.25
246.15
443.12
517.73
365.04
109.35
601.12
969.26
429.45
583.66
443.71
498.08
882.57
377.28
683.51
534.92
584.17
922.32
168.97
841.11
373.45
681.03
815.46
687.42
453.28
855.79
183.56
669.35
451.62
576.89
865.0
817.28
665.33
376.96
309.39
511.33
308.67
349.46
961.02
200.66
835.94
440.91
427.78
386.23
169.57
511.18
249.68
497.37
362.5
904.22
928.65
497.35
675.02
935.75
393.28
189.5
313.82
270.4
709.95
436.04
420.13
814.79
309.62
826.87
668.98
459.83
840.34
407.69
889.84
932.41
551.84
720.29
952.96
767.56
775.16
881.51
941.08
777.43
980.18
362.15
659.62
702.92
430.32
455.26
257.12
960.98
418.25
528.49
903.31
267.62
963.64
214.22
125.2
415.35
422.9
924.96
893.99
784.64
492.35
587.88
312.86
849.34
450.53
355.9
673.39
235.37
384.4
932.63
185.45
227.84
283.71
325.63
477.94
324.91
408.08
321.59
315.84
648.93
402.48
435.14
790.27
155.46
229.49
864.89
486.37
800.14
219.38
570.17
859.99
403.9
790.59
648.73
454.72
996.62
452.68
525.94
656.92
384.84
853.04
637.18
628.61
584.19
985.46
989.05
855.87
508.66
470.2
571.77
141.5
197.32
994.74
215.26
942.71
711.08
922.67
169.53
374.92
817.34
107.95
195.26
415.23
255.65
232.03
702.12
182.64
973.38
683.78
144.74
907.95
317.13
532.84
602.33
224.63
551.44
154.22
279.45
925.8
839.02
570.07
712.98
887.08
225.83
542.4
218.46
204.75
197.3
290.4
147.79
293.48
440.84
659.8
871.89
912.86
745.11
555.87
924.37
246.53
194.8
835.21
663.79
289.07
439.19
367.36
487.35
484.53
457.94
817.17
829.54
605.65
525.03
355.73
788.05
987.21
305.96
732.08
728.45
691.75
127.52
596.0
281.61
274.72
621.22
679.94
662.26
767.24
731.68
527.16
142.96
794.23
839.95
851.09
637.69
134.31
276.1
197.4
671.62
589.31
267.64
959.28
979.2
908.45
517.03
362.32
287.77
840.88
730.14
349.33
911.31
611.47
471.01
473.5
747.69
509.37
692.67
209.71
731.38
344.74
918.52
292.74
399.57
583.67
452.77
572.39
930.5
280.84
794.19
723.28
806.83
502.46
508.61
410.92
525.45
328.87
271.57
528.02
272.73
521.94
615.4
378.21
253.21
643.96
873.3
299.8
653.5
692.16
895.48
713.26
376.73
286.37
852.34
368.96
111.35
882.54
277.92
381.46
386.72
330.06
751.0
408.21
496.07
477.0
849.31
116.41
621.24
218.54
235.33
645.58
437.76
158.3
628.78
922.02
679.95
545.48
819.91
923.37
235.99
369.08
967.34
932.44
282.42
732.57
886.0
631.6
731.3
571.06
310.98
291.54
155.64
698.41
224.38
658.68
451.72
492.07
972.43
452.24
526.81
441.56
293.39
301.45
578.81
834.86
181.36
950.13
706.39
148.39
735.64
460.97
562.7
190.78
558.75
567.41
803.43
622.21
733.64
760.35
298.8
122.26
530.2
216.26
227.46
389.19
583.39
653.55
681.08
947.44
191.77
601.6
177.85
702.35
493.21
226.01
379.17
693.81
525.42
949.02
419.3
405.72
929.4
644.77
196.23
805.0
426.71
951.79
671.65
823.61
905.46
557.89
969.56
122.99
406.01
853.17
107.39
704.54
998.27
743.09
875.08
168.98
585.75
648.05
491.55
477.05
810.73
246.17
140.44
633.17
968.86
843.59
705.17
364.99
913.01
136.15
321.72
808.48
904.33
462.16
917.35
199.66
636.66
160.77
309.79
270.74
105.65
464.37
549.68
352.64
685.83
147.13
565.18
574.44
462.43
922.42
213.84
483.77
513.37
435.15
975.35
614.1
564.25
495.55
493.28
954.95
818.44
682.16
245.99
634.47
214.92
415.51
120.71
733.95
978.73
673.42
612.23
325.12
497.7
517.52
480.27
342.2
297.21
774.86
956.26
838.31
658.77
125.09
371.72
855.16
974.47
592.52
611.46
717.05
322.17
740.2
428.17
861.51
515.09
696.39
599.93
580.69
514.32
956.03
778.57
477.42
554.33
907.16
771.57
687.11
962.0
205.33
637.6
661.18
508.7
965.91
969.76
451.12
654.05
788.39
725.81
426.11
817.6
413.57
232.07
697.45
683.67
467.24
548.46
988.15
826.45
465.89
919.63
612.74
464.02
681.51
804.44
905.76
702.6
700.0
460.35
136.21
508.8
202.76
947.11
425.84
643.91
759.11
260.59
849.33
392.76
172.32
639.19
461.71
926.28
499.77
184.91
116.58
127.31
543.63
742.03
146.07
396.51
530.09
906.92
972.56
886.71
674.35
617.01
300.43
650.43
249.18
372.58
846.35
610.74
752.86
518.38
351.17
552.82
615.29
317.33
860.04
982.05
262.9
317.71
829.42
748.93
302.24
626.78
314.09
875.68
628.11
559.23
245.31
464.76
525.18
425.24
261.71
278.15
729.5
931.53
858.72
653.07
811.11
220.1
288.77
732.66
101.3
175.44
800.15
277.04
266.21
455.51
852.3
109.35
888.85
374.06
613.35
524.87
209.41
961.54
258.09
823.64
890.18
508.08
963.21
156.53
232.86
534.89
167.17
826.21
573.39
818.19
357.55
124.47
900.4
287.35
474.88
212.97
627.58
517.08
278.06
135.19
403.58
804.39
238.41
305.31
656.15
670.93
823.13
679.89
863.98
239.69
928.91
125.91
206.96
193.15
796.75
553.65
928.35
976.4
956.06
652.1
415.86
960.46
758.59
276.21
597.27
118.29
115.7
674.29
746.72
874.13
777.15
223.07
763.45
982.1
708.46
532.08
365.14
157.27
662.2
964.66
203.27
837.95
907.06
416.67
860.42
240.04
370.29
609.23
890.67
581.64
180.29
935.98
613.87
800.25
306.58
400.98
181.1
267.89
492.91
469.53
690.44
849.39
400.42
932.03
687.18
410.01
266.11
959.45
690.44
138.62
715.46
439.79
478.53
788.23
300.6
341.21
585.71
913.24
177.41
849.8
747.74
259.39
694.9
658.4
738.01
582.87
382.0
551.83
313.75
509.34
465.07
195.91
308.63
409.6
453.91
606.38
771.34
332.91
598.66
403.69
303.77
225.7
962.87
938.15
846.93
254.22
235.76
193.8
370.12
483.19
106.65
479.49
719.62
849.74
270.69
101.63
814.66
441.78
382.02
239.02
341.27
339.37
330.97
309.3
565.2
831.1
377.77
474.28
534.73
857.22
789.07
985.87
255.7
824.11
364.84
618.32
573.88
616.68
389.35
164.74
107.08
933.8
896.92
513.57
180.72
853.48
551.01
522.78
674.43
241.69
296.47
832.46
760.4
984.4
489.59
973.56
899.26
556.34
902.03
246.16
163.24
831.88
227.12
563.36
762.5
710.7
297.85
807.48
138.28
605.23
907.02
591.22
372.0
996.52
753.47
811.57
905.61
940.54
616.07
841.14
551.2
329.3
350.1
335.35
122.96
657.33
459.85
918.38
145.94
803.94
275.27
391.17
363.02
960.62
680.67
520.25
265.65
142.85
430.3
975.69
499.54
707.23
891.48
142.75
388.51
475.68
303.3
444.3
712.67
221.07
724.22
366.65
690.84
256.13
809.61
476.89
848.31
969.83
622.56
119.11
429.14
977.33
686.22
781.94
528.1
945.52
915.37
650.79
630.16
192.7
106.56
284.68
747.94
861.7
792.0
897.4
127.4
125.7
329.5
116.27
626.81
935.78
908.12
195.58
697.08
703.27
690.99
470.01
312.57
896.69
912.38
744.1
588.81
129.62
348.68
315.4
318.19
294.2
700.57
711.22
258.18
910.74
100.5
959.12
624.13
680.11
353.08
721.56
887.88
284.58
218.47
808.29
324.1
194.87
542.2
267.96
291.93
355.05
175.98
836.22
608.25
687.3
362.52
796.92
963.94
998.64
138.19
379.13
180.49
526.85
691.1
646.82
418.69
966.27
660.76
995.99
482.58
679.67
189.18
581.69
681.14
309.38
661.2
218.9
514.87
645.76
531.35
236.11
270.98
437.1
686.19
489.25
280.54
403.8
377.37
223.73
629.54
523.43
392.65
101.43
921.61
140.77
203.5
364.09
809.59
941.93
782.46
285.48
854.51
129.19
200.91
200.5
606.41
633.65
663.43
952.3
776.29
768.64
255.46
918.51
926.13
844.63
172.6
741.88
566.96
582.85
340.78
794.91
825.22
791.93
371.46
761.89
177.69
711.89
127.4
105.52
193.74
686.86
984.4
520.35
679.33
627.06
856.37
971.7
835.25
398.13
164.62
902.98
350.82
782.03
877.65
251.08
274.38
479.92
858.9
865.89
992.65
345.5
659.96
884.83
438.56
627.7
301.9
870.16
498.0
537.15
689.7
386.89
830.75
512.86
486.16
752.4
699.43
738.0
886.57
827.38
466.41
678.79
876.5
150.08
692.64
574.18
462.42
207.02
359.05
774.24
894.99
986.99
778.29
891.27
842.69
248.19
720.66
881.36
776.08
348.56
729.34
450.48
488.93
756.99
707.82
222.27
676.08
153.67
286.07
841.5
920.71
328.49
787.2
263.99
547.7
413.26
175.54
489.42
596.24
865.27
192.42
358.57
103.66
287.51
339.48
837.22
943.89
293.3
533.6
570.84
541.23
962.36
954.13
134.63
466.86
574.81
684.35
576.76
837.33
188.62
514.6
846.52
253.45
256.12
654.23
230.41
590.24
211.81
267.98
400.5
804.01
649.43
646.88
664.36
456.68
977.59
635.12
665.13
160.48
324.57
626.71
959.31
732.5
148.84
826.18
290.85
635.29
271.79
155.22
794.64
536.78
643.79
733.6
633.89
474.44
389.35
576.53
321.16
335.87
828.93
407.64
748.19
710.88
518.4
806.16
397.03
103.26
862.77
773.72
763.74
927.14
466.95
483.18
650.77
884.09
352.71
781.82
960.45
328.6
115.63
245.8
680.14
294.31
952.47
182.89
904.43
418.23
927.23
404.74
199.84
707.19
368.98
944.97
839.61
330.42
540.68
594.79
794.85
337.27
608.98
566.34
628.61
599.38
488.64
448.03
455.19
993.95
569.54
195.73
453.89
788.65
713.27
172.6
471.51
506.24
859.97
340.38
923.65
831.58
117.74
547.2
578.91
667.26
897.9
281.35
844.78
108.03
849.0
335.35
123.57
830.79
972.88
691.25
799.54
456.95
322.77
697.42
826.91
341.38
437.58
343.25
338.06
878.76
106.19
119.73
265.41
805.49
612.49
780.84
725.51
898.5
627.43
119.62
191.97
470.18
206.46
378.75
346.91
984.07
967.22
704.97
478.65
471.3
163.3
507.04
228.94
578.39
833.91
460.34
734.98
832.21
922.36
483.86
313.14
899.78
548.75
345.4
714.35
876.15
983.98
438.58
338.16
324.92
368.18
295.57
926.7
670.17
145.11
184.5
266.45
970.54
407.68
824.88
302.07
275.87
947.17
167.86
550.21
575.87
403.49
779.78
867.97
306.13
371.2
537.15
531.2
668.5
796.13
404.92
945.57
510.24
125.65
479.28
576.31
264.5
890.76
636.33
567.56
355.75
219.55
347.92
676.63
713.85
714.4
128.73
799.4
724.74
713.04
570.05
867.49
965.27
624.45
488.62
586.73
820.21
708.56
797.74
377.89
641.19
312.13
618.87
113.43
579.82
753.97
918.8
536.12
884.5
279.99
110.52
597.22
408.91
455.45
638.41
779.41
875.22
390.98
623.56
666.24
716.0
624.98
518.23
827.66
117.9
806.75
250.22
263.8
703.92
508.82
407.76
170.34
146.18
340.69
186.64
726.19
280.6
442.22
478.57
733.49
833.96
667.92
295.31
223.56
602.92
429.21
751.65
294.19
720.86
422.06
351.87
262.44
778.19
553.14
588.96
848.3
124.21
590.13
395.45
319.15
844.78
318.32
468.07
490.06
224.13
378.68
103.37
549.81
664.56
998.73
962.41
398.46
965.95
193.7
233.69
576.46
713.73
633.91
132.66
466.66
542.69
447.43
784.28
769.07
177.7
518.29
726.37
808.66
696.07
978.69
765.2
453.8
850.67
650.49
637.1
633.65
776.61
737.14
512.0
807.85
478.57
765.98
922.01
576.27
233.13
914.44
291.23
289.68
140.98
477.05
460.56
835.66
254.71
439.15
791.95
121.38
471.23
233.62
792.64
368.95
226.86
200.77
287.88
732.01
204.18
135.77
315.16
137.77
757.11
781.76
578.77
400.16
135.09
742.91
317.97
593.68
988.13
315.8
718.44
493.62
579.83
463.78
731.03
567.94
129.14
837.05
314.63
415.41
530.94
634.04
780.8
206.68
444.31
658.28
523.15
318.68
815.5
966.12
680.05
580.78
239.05
530.44
805.59
383.95
493.33
502.59
378.0
654.03
366.36
928.58
853.75
376.57
159.87
120.85
831.36
480.55
207.93
142.75
801.8
285.29
927.7
421.13
664.44
411.71
689.12
226.79
340.35
210.08
156.84
606.08
991.43
105.95
889.72
358.23
243.97
128.18
414.64
177.45
545.26
512.28
250.33
894.52
624.61
782.68
316.11
748.8
724.9
796.03
266.83
953.52
510.12
172.24
928.81
374.91
905.29
286.77
165.2
561.51
593.26
705.84
676.24
425.25
783.12
562.99
230.09
625.11
416.59
590.28
242.28
327.06
337.99
696.62
121.2
474.24
461.19
885.45
210.41
562.61
828.45
466.94
959.49
328.47
545.04
374.53
353.09
163.24
798.49
688.06
851.91
528.69
263.77
693.65
939.97
600.74
336.51
570.02
867.47
836.53
663.67
766.68
128.63
223.39
109.92
504.9
540.21
115.7
836.94
591.97
757.59
968.43
787.18
771.44
673.77
571.97
790.29
803.6
368.39
823.52
234.11
578.53
927.37
296.27
901.01
535.15
755.94
236.1
146.02
325.68
635.4
902.28
607.54
569.49
441.44
550.31
741.68
879.46
411.38
705.82
411.73
327.65
149.39
463.78
647.58
557.75
502.87
792.04
507.45
721.25
599.7
953.84
399.27
497.36
790.24
366.06
814.35
391.56
238.25
590.78
604.15
374.6
345.53
996.85
553.06
738.42
477.48
594.58
357.02
251.92
848.81
712.82
373.51
465.13
603.31
158.41
652.77
994.49
715.85
518.95
208.42
584.5
622.81
727.11
893.39
342.0
194.35
971.3
580.37
897.87
643.26
910.29
640.92
752.72
670.19
956.69
775.17
975.5
474.08
285.33
280.9
510.2
600.29
719.68
518.08
967.32
464.38
107.65
574.25
691.14
317.53
767.19
276.74
912.66
500.86
956.27
651.58
750.73
284.83
892.24
990.18
234.69
620.72
244.22
891.52
877.4
919.49
790.58
448.52
667.93
152.79
195.36
599.14
766.1
364.3
112.02
140.52
396.67
434.56
914.82
720.51
893.03
779.2
729.91
786.27
299.27
781.65
622.1
679.17
545.73
502.34
858.53
818.92
273.4
872.7
585.28
156.14
810.07
891.24
490.2
486.08
343.16
274.44
580.65
493.18
687.46
691.48
274.25
792.24
505.38
466.1
265.93
648.89
711.08
803.21
837.82
414.0
591.11
652.45
449.68
109.0
755.24
908.51
526.01
928.54
146.55
625.06
456.51
674.31
423.94
746.25
282.3
357.8
470.29
475.56
474.41
947.53
561.94
604.45
215.37
577.75
784.06
731.88
960.31
636.2
433.92
882.86
980.44
973.24
203.09
708.0
242.56
339.31
798.03
885.38
632.04
387.78
536.74
376.96
338.49
284.36
953.35
938.16
266.38
861.3
772.94
751.63
329.21
578.01
832.89
730.25
939.19
149.78
397.57
433.18
473.12
986.48
970.31
847.84
690.66
796.14
862.93
292.35
663.43
984.26
249.46
500.29
430.81
867.89
516.4
224.12
436.62
681.08
589.96
124.64
833.08
355.41
131.92
662.0
702.89
645.82
182.64
118.61
750.93
557.07
109.88
603.4
175.31
525.43
737.97
302.53
465.3
746.88
347.91
658.04
150.43
732.94
312.32
488.76
993.74
799.29
266.08
817.44
457.67
545.52
351.66
256.24
986.67
450.26
285.46
821.35
194.4
471.38
203.46
131.02
984.21
539.27
687.24
232.32
427.75
153.36
857.63
106.96
944.9
964.3
278.41
358.25
260.26
122.83
527.38
572.56
893.91
533.76
256.8
485.72
243.6
130.19
448.51
848.22
173.25
975.39
856.1
993.68
635.03
377.05
792.5
233.58
569.7
848.1
582.48
787.74
261.22
874.58
235.5
399.43
633.09
924.82
207.76
351.28
794.07
322.1
453.75
262.22
990.49
807.73
440.77
993.98
896.48
388.15
167.53
744.3
672.02
337.95
107.77
357.45
938.18
712.43
701.25
726.75
342.76
890.86
524.53
933.37
649.32
712.4
883.75
982.28
742.13
948.88
470.75
383.59
333.94
432.87
904.57
393.91
321.12
182.09
747.13
938.34
480.97
237.94
785.66
862.86
465.92
525.42
436.17
581.33
693.94
931.45
399.98
965.69
651.06
512.12
858.27
314.94
592.11
919.33
850.01
873.74
576.19
679.91
801.87
320.64
967.52
819.57
538.78
638.15
951.19
112.26
346.17
889.14
142.52
727.47
367.86
319.78
144.74
356.04
429.24
687.07
830.66
638.54
237.85
571.45
933.37
311.18
727.22
298.37
371.7
588.21
848.68
583.89
272.55
616.25
147.34
758.5
601.53
399.87
663.75
420.73
542.06
627.24
818.88
272.54
966.38
863.06
269.43
918.72
340.78
860.8
291.73
874.7
877.29
602.72
710.89
778.53
671.47
401.34
792.17
912.18
581.74
872.63
424.95
502.71
711.37
386.09
809.23
815.57
285.01
460.27
892.67
563.74
132.33
826.86
264.2
520.85
912.24
787.74
769.36
115.17
323.18
203.34
981.63
292.49
244.4
741.06
802.26
744.38
578.32
899.72
639.46
133.59
851.41
106.05
993.45
621.82
664.03
313.75
874.88
425.16
617.02
152.77
705.61
857.19
653.05
826.27
612.04
599.51
848.25
266.03
452.82
822.69
765.05
918.66
755.46
703.51
672.64
303.33
795.98
835.26
308.51
436.8
488.46
760.15
167.47
211.6
930.23
790.88
467.2
250.57
103.59
237.04
899.17
175.62
864.29
261.49
821.54
304.02
733.35
792.6
566.0
316.74
545.81
320.02
972.56
513.62
614.97
388.68
491.09
909.06
898.02
845.72
951.93
990.36
113.36
360.1
181.92
852.81
230.4
812.62
273.35
280.64
391.62
902.94
324.17
270.4
803.27
332.63
621.23
529.08
735.41
544.33
304.43
216.38
855.78
303.3
328.23
619.64
952.07
425.52
390.59
407.83
510.26
922.65
619.65
594.4
382.9
405.69
506.4
823.88
911.21
832.52
295.27
939.4
372.31
393.5
524.63
191.01
564.04
951.24
206.1
969.97
467.61
325.75
586.58
186.28
400.18
785.24
368.69
764.62
354.03
776.45
746.65
618.4
514.55
302.68
193.42
559.94
409.94
858.65
202.04
178.24
400.79
592.63
763.39
668.2
330.18
170.78
698.25
204.44
805.93
661.4
911.54
493.89
513.33
675.01
195.33
865.12
634.14
720.31
161.64
352.8
234.98
392.97
444.33
935.98
521.47
606.31
478.49
470.19
162.25
709.7
537.26
284.31
777.85
117.98
894.48
585.99
851.72
549.52
219.28
532.25
294.85
594.35
108.54
718.07
814.44
604.31
414.64
707.42
453.71
969.07
913.13
490.06
823.46
320.18
934.92
700.84
100.52
677.78
441.49
682.19
204.44
409.59
944.27
613.0
556.54
706.48
204.61
223.44
463.26
419.4
522.02
593.86
173.97
358.72
832.49
772.45
667.21
144.67
694.33
183.57
287.15
327.76
988.95
414.73
380.24
188.9
476.05
808.95
408.53
479.36
203.41
242.56
198.87
848.41
863.47
522.33
615.2
451.75
719.26
302.63
413.79
751.81
410.46
994.16
518.89
100.02
536.31
879.8
260.01
496.91
600.91
891.72
113.17
746.51
173.33
736.07
943.78
671.15
120.73
348.47
524.54
906.97
489.65
322.65
771.29
759.86
983.92
656.41
790.41
891.68
274.48
133.69
837.28
660.95
881.89
858.35
209.54
344.93
864.49
598.77
806.99
915.16
113.43
325.39
166.13
304.05
449.18
923.25
295.68
541.51
482.96
956.71
708.39
471.19
179.62
339.8
211.22
992.0
365.66
260.09
128.16
239.22
635.79
548.85
623.75
747.68
272.12
637.3
628.49
979.03
472.95
295.86
303.18
737.62
823.88
367.67
841.35
937.51
442.85
185.26
931.07
327.96
990.81
455.81
549.15
504.44
166.12
420.59
179.36
537.05
202.25
646.84
583.88
927.81
836.46
653.55
814.13
457.77
829.91
658.08
846.15
885.58
702.71
910.94
112.22
938.87
537.79
553.35
309.68
386.71
600.05
424.03
106.89
406.84
244.02
992.3
182.18
747.56
785.93
998.2
760.03
754.35
656.14
905.25
857.78
554.81
967.96
617.39
468.71
362.53
659.98
598.21
379.73
525.08
475.64
883.27
210.13
165.02
553.69
591.15
128.11
500.44
216.04
273.42
795.64
116.91
286.22
538.55
838.62
803.98
563.06
558.94
827.88
585.26
804.89
494.99
211.75
927.65
291.61
613.32
706.94
544.5
427.1
154.23
494.81
170.77
584.92
499.69
163.62
423.46
500.26
344.77
955.53
367.39
168.03
132.16
157.84
488.45
125.01
504.41
930.63
332.68
732.19
581.62
256.61
491.84
116.04
493.36
193.02
205.05
511.83
435.13
267.13
239.52
354.28
965.03
966.97
377.66
122.85
534.54
897.18
317.05
990.19
477.87
342.91
169.28
355.15
579.36
360.06
445.18
749.13
547.28
173.42
180.74
873.45
255.19
453.51
718.94
977.39
567.61
772.65
653.69
819.29
525.05
295.23
586.85
661.23
237.92
630.98
511.74
441.96
537.96
429.2
428.11
985.97
388.29
526.51
103.78
362.87
827.92
553.03
714.48
921.77
721.5
953.61
876.74
285.3
664.23
120.11
673.11
911.45
752.89
896.03
613.97
797.2
310.31
353.41
179.01
218.36
798.1
193.24
794.43
338.94
859.05
970.17
137.54
618.01
697.21
515.28
121.11
548.67
732.7
569.36
243.05
587.84
123.03
258.39
401.34
532.57
433.34
332.48
941.17
191.04
244.61
771.32
386.71
874.03
860.89
553.12
670.18
441.84
772.88
973.8
662.34
431.76
924.4
104.99
778.35
955.89
304.82
672.78
196.73
455.82
948.01
178.13
269.32
239.93
239.79
301.73
960.07
647.53
560.42
824.06
691.73
976.41
405.37
577.63
914.45
378.6
928.1
440.87
507.78
458.6
206.79
416.29
735.13
863.36
605.56
152.69
626.72
685.34
657.19
332.64
154.85
573.88
327.95
841.84
870.86
159.25
785.76
505.63
486.22
511.9
876.39
183.6
946.81
925.87
489.56
976.63
820.31
714.53
580.25
743.29
618.15
810.31
312.63
480.63
339.89
100.91
734.71
645.62
315.42
830.83
754.05
787.22
626.52
373.72
691.47
330.6
579.84
831.3
558.01
875.84
841.04
515.19
452.11
348.82
518.98
176.97
846.75
319.99
167.93
223.71
413.48
398.13
655.99
403.32
295.48
527.74
556.52
561.71
443.02
591.18
983.86
421.95
732.12
487.83
740.49
456.16
820.39
990.72
738.11
770.06
146.01
716.22
722.85
242.16
792.57
838.5
925.2
470.92
262.99
281.82
111.53
551.98
980.61
432.96
570.47
217.86
791.0
419.26
356.77
831.99
725.35
616.58
742.76
221.61
737.69
615.25
659.82
391.82
505.25
183.61
511.42
527.12
607.39
542.5
649.91
593.16
995.64
243.23
682.19
769.1
805.63
255.32
331.64
733.79
662.99
390.58
834.27
498.35
334.0
520.86
292.13
770.33
969.08
749.75
618.19
186.77
951.08
883.68
845.93
753.07
170.42
384.96
536.97
640.79
289.71
894.28
542.6
751.32
895.43
329.77
274.52
621.9
208.5
125.47
131.62
802.87
856.27
445.82
521.0
613.58
377.26
403.48
447.5
334.5
727.95
599.18
200.64
188.35
770.46
534.0
871.75
746.33
626.35
329.36
648.94
521.09
772.72
329.46
987.32
952.72
982.09
446.07
274.51
501.99
788.54
687.12
111.79
301.75
964.19
580.09
162.11
613.82
798.35
917.18
204.07
738.8
198.66
674.68
587.15
119.2
256.99
476.56
735.82
987.78
349.13
348.77
719.51
509.02
636.03
865.29
776.02
486.34
426.78
721.48
640.56
697.52
537.23
756.68
310.58
828.72
461.82
478.75
144.54
845.58
608.47
670.61
396.03
155.25
580.45
559.77
273.3
833.78
129.62
869.51
920.93
191.42
954.16
944.18
417.59
490.29
833.16
154.49
833.41
110.82
663.37
141.53
507.11
736.9
583.04
425.44
337.49
184.04
356.48
291.71
311.62
203.55
274.42
465.8
190.77
750.92
363.82
798.29
605.3
745.98
760.98
421.44
711.92
134.38
864.06
747.35
930.65
412.71
245.72
758.18
262.03
888.32
397.31
874.28
166.82
359.87
825.05
168.22
754.24
453.49
606.8
259.36
318.01
888.66
749.99
202.45
174.05
196.77
276.9
354.17
572.71
379.76
946.78
171.07
548.4
663.93
810.68
528.64
666.04
236.99
356.16
870.57
121.18
587.18
924.94
929.01
271.75
995.81
519.86
216.56
830.5
578.72
985.07
212.02
857.53
381.63
134.75
243.06
796.58
921.04
755.16
691.88
483.18
374.46
439.64
165.24
225.95
319.97
921.0
918.73
351.49
954.78
230.11
693.3
200.74
616.94
984.95
761.74
714.2
693.58
847.95
544.73
901.28
750.5
741.67
312.76
809.65
956.17
155.19
500.11
722.06
826.43
827.48
385.11
522.87
770.2
973.69
206.69
114.13
870.19
132.2
175.87
428.03
108.82
926.84
124.22
166.7
548.81
453.7
774.29
876.93
118.45
946.35
161.02
432.65
318.76
253.64
171.03
821.1
391.19
408.63
901.35
451.06
234.46
223.92
423.45
154.84
695.73
430.65
710.91
495.42
153.31
991.88
773.26
625.76
224.7
681.75
578.47
738.48
153.63
699.23
953.89
823.84
693.68
275.4
665.64
713.72
320.85
912.93
356.44
157.75
524.76
915.53
731.05
333.75
458.72
901.36
942.74
503.93
537.84
347.68
706.14
900.28
403.77
839.53
548.4
721.93
755.55
670.48
256.37
968.48
142.58
287.77
199.93
705.98
512.16
978.53
253.18
178.59
110.29
376.91
830.52
422.51
566.51
363.21
354.79
756.6
100.99
600.19
946.85
382.44
539.98
679.46
360.68
273.39
863.51
102.3
308.31
529.31
157.76
138.4
883.09
822.62
573.14
958.06
840.35
760.88
429.58
756.88
410.15
412.68
270.28
100.68
815.71
797.7
856.8
473.99
730.3
638.73
343.25
503.57
198.95
838.4
736.67
138.35
733.25
735.74
151.31
984.88
990.48
538.63
432.92
103.47
788.13
753.32
291.74
160.8
462.6
815.5
388.77
634.18
717.1
263.53
620.82
231.73
820.6
528.94
907.34
489.56
460.57
496.62
496.73
803.96
369.84
113.81
683.19
236.08
236.89
407.06
525.36
309.23
919.81
375.8
922.33
350.99
112.63
854.1
459.8
130.39
656.55
805.17
461.14
715.1
992.7
346.82
657.9
988.18
362.63
850.16
184.56
707.0
579.49
772.05
567.52
736.61
194.3
877.78
575.72
719.5
783.97
552.56
876.93
747.1
328.96
180.97
752.05
909.68
401.82
388.42
707.96
954.61
653.1
170.51
548.62
535.36
280.72
677.43
609.27
476.84
647.61
205.62
917.88
414.38
402.63
894.8
622.11
989.21
807.22
769.72
966.69
724.95
155.97
600.67
532.57
579.51
980.33
982.42
746.88
842.3
103.26
503.54
519.11
313.75
928.35
125.1
854.78
990.3
403.84
124.09
489.13
192.06
955.49
569.45
269.53
742.38
563.53
597.73
291.46
968.25
888.02
897.07
842.35
943.88
309.54
796.91
460.85
284.24
741.33
558.02
326.22
570.24
462.6
622.52
786.12
788.35
353.44
422.51
304.15
956.18
982.17
306.47
430.16
565.64
201.61
676.26
687.12
290.58
362.5
706.42
947.85
211.58
749.2
880.25
765.86
991.32
328.36
270.95
970.05
511.1
716.16
577.94
620.71
120.53
160.01
178.37
877.27
167.45
434.49
218.49
671.65
700.39
819.93
766.09
790.09
271.78
502.53
970.58
490.21
841.85
591.43
382.03
928.86
152.78
677.95
784.91
845.63
153.68
652.16
380.9
695.94
142.89
522.14
539.88
343.92
352.32
761.99
614.35
447.29
508.4
660.9
638.65
711.88
940.02
978.05
223.13
532.57
613.98
213.03
337.97
259.39
457.0
401.0
171.8
730.8
776.32
303.94
244.18
389.22
755.3
205.28
733.65
951.66
334.68
306.23
629.18
858.22
276.61
153.15
480.63
461.3
213.19
821.98
157.55
692.18
338.87
200.0
442.63
455.97
418.63
669.2
520.04
381.56
277.7
637.79
861.92
858.86
322.58
708.67
410.67
677.41
158.38
787.59
476.9
772.97
895.25
215.75
854.63
958.73
305.01
689.25
879.96
138.1
694.72
377.14
530.68
257.41
459.26
903.3
347.78
468.46
221.35
432.39
281.86
420.72
472.66
574.16
658.51
656.78
115.59
539.1
992.82
876.9
681.27
718.99
395.82
128.78
312.64
940.61
454.32
531.61
367.86
119.25
594.0
172.11
825.65
615.39
204.82
296.95
146.42
245.76
362.08
444.61
458.62
147.73
946.2
463.67
993.33
266.06
705.12
875.11
455.93
770.62
338.19
734.37
254.88
862.02
931.88
355.76
331.99
740.95
395.38
638.81
459.29
935.42
658.49
882.96
571.0
616.25
823.53
865.76
772.04
490.79
670.17
760.8
281.85
207.9
653.01
332.37
757.62
112.82
716.91
139.93
116.77
252.57
411.24
213.46
637.89
877.23
652.21
279.48
903.46
976.19
464.8
966.75
647.13
103.14
129.26
245.17
977.31
272.82
901.71
758.38
937.19
679.29
319.09
804.14
128.0
406.79
412.01
801.02
477.97
226.29
216.26
268.97
457.32
572.84
101.14
972.81
639.36
336.45
648.18
996.88
231.2
165.31
329.76
620.62
920.15
586.76
194.45
723.74
949.76
699.76
278.66
626.94
653.69
679.88
387.19
595.54
490.66
763.95
230.15
738.64
933.79
480.35
333.4
327.83
390.68
657.44
568.19
258.04
516.4
307.38
298.27
426.76
724.04
500.21
313.83
124.11
274.89
639.09
671.46
305.74
379.28
703.78
190.77
648.41
564.57
355.29
606.13
219.12
525.7
426.49
264.93
475.77
915.15
853.87
560.83
824.4
741.95
535.44
299.87
360.15
462.46
198.0
625.66
546.58
703.92
128.91
917.6
692.26
595.77
370.03
744.26
286.9
941.8
269.45
544.58
364.51
974.24
311.58
632.65
171.86
918.27
937.66
726.14
182.9
350.82
221.86
468.97
875.05
162.46
184.3
433.37
546.46
293.04
506.41
824.41
518.84
458.08
750.05
724.83
499.85
868.42
777.24
751.73
606.87
265.0
762.51
772.24
651.45
634.23
590.04
726.98
331.01
519.13
921.98
920.52
710.75
108.3
505.23
153.67
904.18
687.46
769.16
637.89
212.83
579.83
830.41
282.58
779.95
214.76
343.04
509.2
149.63
434.16
566.86
573.21
906.98
808.96
324.37
909.01
611.28
822.21
188.68
470.39
409.07
554.5
904.91
158.81
366.28
205.14
778.32
549.62
567.65
619.46
276.04
616.09
648.12
838.77
298.68
539.93
534.24
169.48
809.43
282.53
754.44
327.35
785.22
953.48
168.29
330.65
763.59
328.93
320.89
454.65
726.91
864.28
673.29
264.09
529.99
145.07
684.25
761.55
274.95
126.8
700.74
811.05
935.74
119.11
900.03
772.59
282.05
143.7
859.01
140.74
492.83
417.39
610.64
230.22
592.67
758.52
451.5
160.88
642.44
389.55
935.06
369.71
258.61
549.96
443.17
165.18
639.85
365.33
932.35
222.81
201.62
563.48
771.46
944.49
727.77
921.34
544.72
782.19
469.26
547.23
792.39
134.01
736.16
539.87
778.78
524.9
126.48
715.69
117.69
646.95
896.1
580.66
453.24
757.56
285.86
911.25
123.85
912.06
134.25
899.46
482.25
584.86
373.49
761.82
969.45
237.09
583.06
231.38
797.67
154.59
396.44
295.28
762.32
285.06
897.54
824.09
203.55
971.2
886.71
762.82
753.03
369.2
314.25
382.08
991.77
821.95
254.06
313.69
693.05
537.3
331.62
218.35
331.54
387.28
336.28
374.21
653.07
799.3
619.68
394.56
250.62
164.9
993.8
284.86
665.06
414.51
185.81
704.62
624.81
135.99
687.7
924.56
430.86
503.79
960.77
749.69
873.6
521.0
811.81
392.05
252.84
363.09
325.24
338.49
948.21
171.89
779.65
360.98
458.47
995.69
628.12
678.07
840.48
157.17
406.47
192.38
873.86
709.78
862.64
606.5
160.97
533.2
862.15
948.43
869.7
139.55
917.91
542.83
678.95
182.93
983.31
754.36
604.03
846.79
437.95
410.45
360.93
222.17
775.19
617.19
689.71
810.86
492.53
526.26
559.98
329.04
907.14
780.24
348.44
311.7
869.71
333.58
493.05
302.39
536.76
226.98
381.0
185.04
666.63
659.6
344.98
897.73
967.29
950.93
342.43
782.27
751.41
209.85
460.97
902.57
654.07
148.23
176.39
548.03
920.37
818.68
966.34
358.64
295.99
803.6
501.14
928.3
710.13
380.39
960.67
133.91
959.66
930.59
645.29
220.83
283.95
146.84
555.46
157.24
842.05
559.37
893.37
397.46
522.46
568.92
119.4
194.75
658.71
274.07
869.13
800.99
319.05
586.4
736.05
243.79
716.11
135.17
105.0
642.86
474.92
665.89
226.11
896.86
453.26
811.77
890.49
347.79
276.75
458.04
575.33
979.91
495.0
253.08
821.88
887.57
931.08
895.2
374.59
446.61
325.02
816.82
883.52
428.27
641.75
129.6
138.58
635.72
349.79
432.96
216.97
976.04
822.38
871.77
405.13
213.01
223.73
924.14
532.22
293.56
920.57
896.91
275.95
821.8
259.38
196.82
283.94
699.76
510.08
439.96
781.91
278.18
794.36
754.13
368.35
127.05
364.14
387.13
149.09
119.29
751.16
100.77
988.17
117.45
394.72
613.6
894.55
280.74
310.62
985.28
715.89
206.29
779.73
213.04
493.63
719.27
360.66
870.02
133.99
224.63
689.22
986.94
680.0
680.35
698.95
442.41
434.65
709.25
180.57
982.53
543.97
396.45
286.31
731.3
818.81
399.35
422.68
529.55
239.33
927.2
142.71
735.88
848.57
789.8
157.54
290.21
101.93
815.36
688.55
966.87
196.14
836.39
411.39
695.1
970.33
338.04
738.47
198.11
128.56
459.96
225.23
774.43
604.38
312.19
200.22
517.09
852.78
702.12
871.65
508.17
849.88
379.12
993.09
440.6
886.99
823.72
638.39
428.77
313.14
480.62
880.17
691.76
693.14
442.16
381.43
752.43
229.42
190.67
593.45
930.62
100.01
232.62
620.39
430.39
805.33
594.96
609.39
138.09
390.65
346.21
525.99
302.92
112.44
860.0
511.54
461.52
310.8
165.25
316.82
805.9
893.37
801.39
895.07
933.19
585.15
419.02
220.22
854.38
456.58
668.96
295.32
452.43
121.73
467.79
199.69
528.2
976.76
706.26
403.98
186.92
187.8
694.34
107.51
996.44
341.25
667.09
291.36
748.17
750.33
908.7
793.39
568.99
827.68
439.89
183.55
163.67
208.5
452.6
509.14
912.18
811.92
932.79
259.73
145.37
599.62
483.28
668.08
877.45
747.66
698.2
130.32
777.61
145.31
878.84
381.85
381.37
451.14
953.86
373.36
783.04
996.79
188.34
565.73
161.14
211.52
339.68
992.41
814.3
102.14
925.22
581.26
107.25
650.14
428.49
631.74
987.68
217.58
379.93
570.17
756.64
271.67
877.52
438.42
113.53
987.43
420.42
232.37
633.88
786.03
404.76
354.79
648.07
729.88
591.88
706.58
793.76
249.19
946.22
794.63
565.43
166.93
381.29
649.17
628.02
286.83
784.05
139.61
924.04
319.81
918.02
625.5
249.44
282.19
340.46
145.95
454.8
557.88
181.27
410.32
692.64
820.82
792.63
149.27
437.09
397.4
356.25
972.54
616.74
678.22
332.2
418.71
885.12
705.71
838.18
616.26
148.52
957.54
234.4
296.0
457.38
662.6
636.79
549.8
731.97
167.37
279.94
379.12
774.54
555.17
302.88
741.2
401.06
820.97
247.82
119.91
802.27
223.81
868.54
639.65
499.34
156.12
807.86
117.95
656.11
409.12
668.29
175.18
566.03
480.62
140.54
110.97
297.36
595.56
128.68
195.32
231.67
626.38
947.65
268.14
540.29
217.15
285.88
256.11
685.44
581.09
922.91
701.88
159.45
958.75
440.98
842.12
973.64
529.57
808.38
799.11
154.12
663.46
810.89
852.1
122.55
579.18
487.87
936.91
171.84
397.75
493.78
587.35
325.94
274.6
742.89
940.49
398.85
628.38
452.74
279.57
974.63
695.09
997.58
930.14
543.87
725.44
659.07
975.31
143.82
564.89
879.72
465.43
137.63
449.73
635.58
958.41
259.35
306.32
359.99
264.52
470.22
867.73
538.3
359.21
947.37
518.01
259.77
795.57
236.68
690.41
147.79
601.45
779.63
342.54
421.57
752.92
765.28
796.39
489.17
944.87
565.53
467.37
211.85
766.95
504.35
794.17
946.25
381.66
452.4
747.16
900.4
930.72
434.89
321.25
673.52
832.63
875.57
330.56
472.29
592.78
322.62
162.3
572.19
330.65
607.04
379.77
560.08
926.39
193.84
368.33
121.19
670.09
865.98
861.62
978.42
276.41
212.48
677.58
761.19
884.18
703.35
262.19
476.59
595.44
773.79
863.42
932.82
931.95
687.86
685.14
478.6
733.31
433.22
905.12
365.64
571.5
404.34
567.54
700.97
328.64
511.22
597.63
713.28
635.84
750.46
195.62
496.27
548.7
865.16
674.44
289.29
328.55
218.19
279.32
338.4
707.85
467.06
892.72
555.84
818.53
691.53
916.04
424.3
392.22
870.54
678.79
489.6
843.24
298.59
284.03
621.96
820.96
464.03
102.85
625.28
906.22
641.37
116.3
398.54
995.42
365.11
719.59
242.0
676.02
549.98
143.71
994.88
289.07
540.89
337.1
717.08
293.52
191.99
872.47
986.12
286.21
904.3
158.82
961.94
204.96
253.34
753.44
597.8
509.85
798.01
966.25
825.77
288.48
851.59
966.29
777.0
664.32
996.26
481.95
937.64
797.99
779.72
511.48
392.21
845.56
403.24
209.39
294.88
757.44
141.2
172.95
720.77
507.14
168.09
199.58
507.98
840.95
174.83
929.68
101.96
960.29
372.41
479.04
548.16
461.75
355.55
520.48
547.27
609.46
446.29
264.33
641.21
129.1
201.67
402.83
573.02
171.52
953.91
743.47
532.94
611.26
402.53
121.09
909.86
556.42
910.04
443.12
285.05
695.37
982.86
245.39
605.03
141.25
623.47
500.46
428.71
917.9
530.49
478.98
807.44
933.58
247.75
229.38
979.51
730.64
790.26
978.77
954.23
632.31
278.7
724.48
450.7
680.46
515.04
519.82
595.55
756.91
474.84
769.89
114.12
176.3
673.15
360.75
901.47
490.53
749.71
335.75
720.93
691.53
550.83
814.92
281.14
538.11
335.69
724.52
981.12
818.52
558.01
110.67
296.94
223.39
307.17
959.43
815.46
583.0
186.3
304.34
654.68
798.84
757.26
636.38
924.07
538.81
169.68
374.67
315.81
894.91
847.92
694.23
355.35
844.11
264.36
890.61
434.03
348.46
474.75
839.52
745.22
886.77
120.75
981.73
455.32
963.19
768.95
551.73
520.61
890.03
891.15
449.43
951.83
993.28
692.96
242.57
429.2
529.22
105.27
627.83
374.13
918.42
371.5
142.49
993.04
844.68
674.99
517.84
514.72
572.16
360.98
914.13
234.22
629.06
132.74
924.91
339.02
280.41
802.43
192.14
418.96
146.33
381.71
192.48
851.76
290.42
435.93
864.92
163.99
720.9
123.86
889.73
247.55
855.4
400.01
735.12
749.55
459.17
280.15
543.76
630.13
153.79
159.91
807.71
145.9
275.14
277.06
783.0
111.35
708.57
180.57
258.4
490.77
653.22
555.94
317.86
730.15
540.32
993.41
287.44
522.62
772.69
889.75
379.75
824.92
330.02
282.82
705.99
988.03
850.82
139.93
482.97
788.06
795.39
832.2
105.81
177.39
562.03
322.76
667.37
721.56
491.3
115.68
450.54
607.28
548.74
241.32
706.86
579.41
662.16
595.51
326.23
865.21
503.06
159.06
336.01
837.1
483.32
758.56
290.05
517.31
454.04
550.06
737.25
864.59
515.19
122.82
907.04
926.61
779.97
468.82
990.76
887.97
935.07
464.39
648.22
265.52
293.31
510.28
375.95
211.17
106.25
882.98
184.52
405.29
187.07
454.1
752.57
341.01
554.14
142.62
902.65
972.71
608.88
307.28
506.87
504.14
127.23
182.95
187.29
738.72
873.37
453.1
414.03
181.96
545.88
705.47
336.81
908.91
958.78
329.49
905.0
692.82
469.57
483.98
397.6
117.85
642.36
397.95
697.41
585.68
544.22
661.96
102.49
212.39
598.94
697.98
239.89
572.7
357.08
962.84
685.37
844.97
812.93
822.14
927.52
260.98
163.74
511.2
369.08
361.73
209.21
920.69
251.48
651.06
167.34
100.41
955.59
391.92
692.34
213.13
328.2
897.25
270.08
525.54
511.97
573.19
623.7
350.6
108.03
271.31
940.99
802.03
199.47
799.45
728.1
387.83
635.71
347.72
876.43
111.48
218.56
545.22
569.79
591.39
747.4
513.03
371.56
952.71
189.27
461.29
535.25
854.09
161.77
983.83
528.42
120.18
362.2
539.47
826.08
412.47
689.68
294.5
528.11
536.06
179.5
166.05
124.7
205.46
481.42
976.96
711.82
601.52
671.39
826.25
916.31
124.77
766.13
206.52
822.21
314.02
678.18
786.5
868.25
788.73
895.39
715.7
741.28
406.91
314.41
471.14
279.51
192.65
607.87
292.56
802.91
214.06
172.12
688.52
929.21
167.08
825.26
552.64
694.23
845.39
187.77
141.03
933.56
224.17
696.18
453.68
258.09
181.32
461.62
495.37
198.08
581.22
756.28
107.68
375.63
759.48
868.18
712.62
505.61
522.94
449.15
229.46
364.55
963.74
651.02
931.49
671.94
323.19
569.96
335.84
124.6
619.92
831.23
880.91
197.97
178.86
562.66
481.25
803.47
171.28
777.31
920.41
798.37
392.77
665.73
468.81
282.71
285.07
383.42
352.71
644.55
583.64
515.29
706.69
102.07
669.97
186.88
975.04
639.52
556.5
225.46
713.4
988.76
400.25
700.67
489.77
182.17
453.25
367.01
966.41
377.67
314.45
442.44
788.3
421.1
938.12
414.45
870.71
985.46
225.96
639.98
579.03
811.15
554.58
135.52
779.72
688.34
744.36
182.93
977.36
260.67
354.05
522.52
549.07
401.32
861.34
451.1
810.35
865.57
358.9
192.49
996.57
692.56
527.45
325.78
800.29
577.59
229.99
942.8
886.64
172.59
440.71
693.43
831.61
903.28
461.34
164.32
834.72
610.74
142.12
474.22
802.61
673.6
690.53
967.37
795.64
859.19
515.65
749.27
697.69
958.76
892.85
847.33
298.93
344.66
500.09
729.19
748.64
542.91
207.27
970.24
692.44
964.84
412.43
723.44
379.48
865.45
180.34
243.76
108.87
869.23
947.43
597.5
997.97
911.57
455.1
623.35
389.1
782.77
867.88
504.01
542.56
610.27
586.16
500.3
578.61
446.68
468.43
253.17
950.07
464.13
694.86
431.43
281.59
935.33
690.92
850.29
610.83
293.5
180.77
870.26
245.69
841.28
542.83
406.64
460.26
869.49
940.26
396.43
689.0
410.47
645.77
382.34
897.82
141.22
532.2
430.58
770.37
195.41
184.21
480.27
726.64
183.45
605.28
429.85
765.06
970.99
207.19
913.32
582.85
742.32
308.95
307.05
886.09
760.28
930.27
618.5
887.0
923.06
681.9
420.13
636.33
574.82
549.34
276.4
445.34
890.59
316.18
897.36
741.33
243.53
592.36
514.81
628.79
926.46
235.03
974.18
994.25
900.28
965.85
379.24
326.69
539.9
496.9
974.88
733.48
692.02
903.66
946.49
481.47
417.7
487.15
318.25
734.7
126.64
201.64
949.0
690.95
657.12
952.52
311.45
319.42
456.63
408.66
443.51
660.69
499.17
120.77
718.9
651.39
373.42
628.62
499.61
113.02
309.26
971.69
397.09
188.01
964.21
831.56
293.39
125.9
274.54
723.41
965.72
396.32
139.78
301.95
906.48
215.37
240.97
985.04
465.43
228.56
686.68
971.35
225.66
942.76
786.1
753.18
122.8
472.55
779.17
854.78
335.4
177.05
831.18
323.27
737.38
830.76
684.83
139.36
315.24
272.87
481.06
887.84
370.03
112.43
991.5
661.54
344.84
760.63
425.62
879.42
849.64
739.94
323.1
849.52
742.7
550.7
442.51
889.25
623.5
442.1
728.56
287.45
785.51
518.77
559.1
757.2
643.29
806.26
658.47
789.61
397.13
579.66
100.01
402.0
953.86
175.51
368.82
106.98
768.89
700.05
552.64
535.33
946.76
703.36
394.25
882.78
827.22
520.31
425.65
662.54
607.66
440.59
440.87
245.52
378.71
681.36
879.0
226.16
899.13
214.9
743.73
600.16
645.04
265.04
222.72
769.35
171.37
305.88
225.0
446.68
258.75
263.92
699.15
374.53
361.3
891.96
584.92
955.49
241.11
654.73
402.54
109.69
229.05
107.64
630.53
149.51
977.86
205.64
616.88
429.67
925.15
173.93
566.71
159.14
373.08
414.09
921.31
806.74
801.81
932.68
801.23
498.13
214.13
955.79
123.25
819.12
112.16
292.73
430.84
142.19
604.89
388.25
338.96
935.75
881.27
807.38
393.17
561.87
720.67
922.09
606.7
197.67
827.26
225.02
279.92
616.75
243.86
661.9
449.73
930.4
391.41
238.29
943.03
900.43
421.09
491.02
445.59
612.73
389.6
398.43
651.52
796.13
522.37
203.58
567.76
784.82
223.47
702.34
928.16
276.84
390.31
363.47
583.34
224.07
855.66
410.88
778.72
635.15
824.15
953.97
352.12
477.08
916.62
772.4
667.76
448.73
451.38
105.59
480.33
979.41
792.88
911.97
777.79
990.61
969.99
947.33
154.18
386.45
514.26
435.58
920.57
132.5
215.51
204.97
800.8
953.67
162.48
659.82
227.26
932.43
922.32
701.05
945.82
807.13
728.46
518.11
201.55
270.33
790.4
161.55
606.28
328.16
920.51
599.26
878.99
118.57
147.48
127.57
962.15
918.41
892.14
598.62
155.32
984.6
178.76
483.49
953.33
428.91
127.07
924.42
341.47
661.97
423.12
414.5
808.15
740.27
615.35
916.89
536.6
517.64
603.28
825.5
573.13
534.21
658.07
284.69
939.21
283.92
316.45
738.41
574.69
711.38
252.04
587.12
935.08
318.99
725.03
755.14
716.64
860.13
521.67
712.48
625.99
733.57
866.47
386.3
566.84
782.59
339.47
564.77
831.62
583.52
841.36
590.38
743.41
666.2
906.66
645.21
350.89
296.6
612.49
179.55
236.08
955.83
600.96
874.06
844.02
792.53
497.2
487.94
433.1
272.38
166.82
280.6
892.73
481.68
141.73
522.28
954.6
349.19
635.3
783.96
135.01
873.26
696.97
169.12
422.25
751.81
872.39
618.6
188.6
114.37
465.29
786.41
434.17
746.64
739.73
780.31
159.0
687.56
464.44
897.61
429.7
930.98
506.01
418.18
344.93
195.79
823.44
812.8
634.39
361.58
751.83
703.73
975.97
166.94
485.02
683.28
427.33
169.65
446.05
845.21
638.49
907.57
898.27
475.87
459.68
207.3
103.78
255.62
946.83
893.75
157.77
196.66
294.68
765.98
543.4
297.97
243.92
292.04
596.75
704.66
204.46
984.17
561.58
659.46
298.17
331.22
139.92
121.15
525.7
193.84
583.76
923.33
673.71
990.33
629.87
554.31
204.13
199.19
884.56
731.79
805.75
563.85
588.9
681.76
183.44
590.73
135.94
600.42
644.58
798.37
976.23
555.35
995.85
927.76
387.68
440.06
316.41
130.31
499.63
563.62
719.42
941.01
893.15
632.93
511.94
922.57
448.24
206.88
318.06
299.61
347.81
344.48
318.69
598.97
482.4
509.37
317.34
903.52
838.45
608.72
447.34
495.69
467.51
954.56
734.8
696.86
686.95
662.61
140.95
580.92
771.89
590.29
475.41
716.77
304.94
668.63
481.1
616.83
850.1
681.91
926.72
663.73
336.99
471.31
131.46
455.15
509.42
433.55
963.9
515.35
359.11
807.75
840.28
439.36
807.97
723.66
698.65
238.37
329.32
245.17
716.37
671.37
497.28
606.73
733.01
164.38
284.5
102.46
350.78
368.24
434.84
963.24
523.93
752.77
360.3
586.31
732.21
211.5
368.3
360.94
203.1
640.19
614.46
712.36
217.93
315.66
612.43
143.12
328.57
296.11
187.12
192.39
805.79
344.81
735.45
826.89
227.48
955.32
885.22
664.5
428.34
396.66
488.87
836.12
950.41
202.25
157.88
640.08
780.76
488.59
538.38
278.46
677.72
391.7
928.0
287.03
102.18
924.95
592.57
371.91
540.73
667.5
347.92
976.87
991.56
289.83
221.26
773.57
616.9
248.53
552.62
661.27
218.01
334.89
515.15
216.25
432.96
860.46
166.58
904.06
135.03
902.28
726.13
533.71
146.93
338.79
667.52
639.74
962.46
323.42
541.09
828.03
555.81
284.88
109.59
372.82
785.52
230.82
365.28
614.83
197.35
797.54
295.99
890.84
151.22
301.69
520.24
640.31
348.19
122.9
430.0
886.74
983.39
483.05
107.88
403.4
127.46
102.24
576.82
702.87
979.45
983.62
223.44
969.88
993.98
837.82
978.14
724.37
920.01
413.78
697.71
153.42
103.68
786.54
490.18
216.3
658.59
119.89
930.06
995.73
822.91
437.9
222.4
226.42
658.14
822.86
214.12
984.14
365.94
747.54
192.73
854.58
302.94
932.73
975.64
217.84
290.98
524.22
832.42
479.53
293.63
122.44
895.23
908.61
814.01
494.47
493.16
398.4
302.62
579.77
637.92
505.89
756.26
464.09
219.78
622.65
652.64
602.67
499.47
577.1
667.26
639.23
234.52
961.81
799.43
187.56
398.49
772.5
218.41
925.88
670.31
832.46
277.27
188.45
638.45
793.94
139.24
885.69
834.05
302.1
304.27
910.91
347.6
366.93
965.8
105.31
815.98
320.53
283.54
442.07
955.79
852.02
828.9
671.67
713.89
132.78
240.21
753.35
403.53
750.05
251.54
659.95
212.43
518.77
567.8
830.57
555.98
779.9
416.4
822.55
420.03
428.49
462.97
993.11
110.61
647.86
987.12
852.86
131.56
459.85
290.17
574.32
348.41
811.62
463.96
882.86
269.47
442.5
782.46
823.83
796.08
414.76
314.27
489.04
258.48
965.04
239.43
601.56
365.27
108.94
414.48
722.08
706.87
885.24
676.74
148.55
449.29
566.01
598.32
610.59
374.27
377.24
376.23
281.02
280.15
140.51
980.58
838.41
103.62
320.23
327.79
700.64
374.18
504.68
898.95
570.93
214.83
747.68
655.42
588.88
991.27
241.99
240.15
440.24
516.33
397.29
641.81
574.45
764.17
236.27
565.58
951.46
389.87
125.35
212.43
414.82
931.18
728.12
809.03
152.94
746.24
595.86
928.01
249.58
203.5
136.58
368.18
577.4
431.47
970.27
244.93
222.44
108.82
782.11
513.35
413.56
563.92
169.96
677.43
709.25
984.05
925.97
197.82
905.82
429.73
432.51
177.15
610.01
935.13
214.15
617.95
696.57
713.45
150.64
327.78
679.23
474.82
411.88
482.77
450.69
767.43
439.2
634.68
296.94
565.92
300.68
599.72
806.97
799.84
255.92
155.76
398.46
711.41
285.07
986.08
493.57
971.36
747.28
415.47
427.5
131.62
320.39
399.87
734.52
413.56
677.44
107.01
562.14
889.55
647.82
607.56
555.94
126.87
272.1
551.77
722.3
754.95
207.16
598.46
767.79
903.24
555.7
139.81
430.87
582.52
853.37
240.32
362.26
913.48
763.97
111.41
870.94
563.54
966.7
396.94
482.17
349.83
873.48
258.31
638.38
698.31
155.68
929.54
761.07
344.41
871.07
228.31
759.88
869.38
443.05
822.35
297.61
922.97
985.98
477.59
970.24
316.99
863.52
564.43
813.17
669.3
206.15
794.18
343.03
375.68
544.31
245.08
339.89
782.71
505.83
991.63
636.95
977.74
480.27
259.62
250.87
158.83
799.96
901.22
389.68
842.74
241.97
355.23
466.25
224.33
347.47
365.41
167.46
360.72
463.94
198.25
510.97
253.39
602.54
100.53
145.42
220.96
741.38
836.34
155.5
953.27
162.55
164.88
963.69
582.3
650.06
591.33
690.4
626.71
905.76
407.82
406.48
954.74
977.07
445.42
403.35
156.07
159.15
645.42
206.54
207.94
394.03
147.37
398.17
585.36
490.2
352.02
993.84
405.07
835.68
697.78
341.83
236.78
501.58
402.76
531.53
686.7
391.92
693.66
515.84
656.88
598.37
873.7
656.8
365.59
761.5
433.63
391.57
466.82
109.96
392.6
354.5
904.99
357.36
669.48
187.46
298.34
861.13
298.08
145.18
955.96
655.81
843.01
949.15
715.69
705.72
733.68
228.07
525.76
859.57
218.62
351.21
529.99
635.06
953.16
322.27
472.67
134.8
687.15
198.13
575.72
869.52
214.81
648.67
619.95
491.69
803.31
634.11
506.01
949.63
766.57
461.32
193.08
146.46
629.58
872.73
675.67
760.87
844.26
416.71
819.68
384.48
564.17
683.52
714.6
911.87
721.13
871.14
618.61
996.2
138.23
354.55
898.77
874.71
464.64
291.75
204.78
997.17
376.01
323.59
413.4
574.17
988.66
994.39
632.94
626.72
720.71
399.08
531.49
468.8
948.09
499.89
140.48
491.39
280.97
998.16
874.39
589.24
886.7
433.36
265.34
423.29
879.43
610.8
992.89
900.28
259.17
807.61
799.97
685.4
508.2
263.46
812.6
461.01
729.69
281.72
405.2
516.68
974.57
110.63
556.28
491.1
281.75
399.94
855.52
486.4
696.88
375.7
963.46
188.88
677.81
769.18
932.52
420.86
424.46
195.64
130.86
644.09
853.7
779.09
914.24
918.44
396.62
424.91
518.12
838.0
585.88
113.63
811.01
718.76
663.22
854.09
127.75
496.22
432.21
737.76
738.65
915.95
705.03
290.28
204.23
682.15
530.68
765.11
139.46
623.1
884.1
840.91
889.37
670.96
691.09
162.35
148.34
557.69
625.95
929.62
333.81
555.06
762.9
562.75
577.42
992.84
971.21
165.66
997.96
583.31
537.81
354.44
752.5
914.52
455.35
188.22
390.19
516.47
799.96
658.17
712.63
918.15
320.58
732.49
839.95
226.44
321.9
137.37
777.19
713.55
127.99
973.43
359.55
406.46
894.82
861.54
309.81
175.09
345.82
334.44
491.03
208.65
406.55
379.89
244.92
956.7
716.8
905.91
561.24
358.81
395.74
286.68
775.93
857.31
312.13
224.96
558.2
840.27
150.6
881.45
804.83
557.05
942.34
847.29
640.76
435.41
773.06
733.66
121.99
373.96
412.53
383.66
682.26
912.81
973.42
462.4
322.28
149.82
363.24
623.07
581.85
890.65
666.89
482.07
109.9
488.64
342.32
849.75
766.79
422.12
634.71
122.17
769.73
898.56
915.6
917.66
257.13
858.94
626.03
118.12
321.63
770.8
447.92
338.81
402.62
474.16
804.32
498.7
902.31
756.28
525.88
995.05
346.85
785.27
512.36
405.58
166.58
423.77
981.4
228.11
464.21
598.79
453.48
180.26
385.23
581.8
711.29
665.7
148.56
651.91
293.54
956.51
591.14
157.8
533.59
489.2
409.41
570.82
881.48
667.68
688.61
340.55
606.98
761.29
313.5
888.18
824.29
414.08
321.23
186.41
640.32
881.12
654.46
261.74
226.0
513.0
579.87
877.45
266.9
524.83
805.73
242.87
228.14
764.18
181.72
480.03
708.07
319.03
773.29
966.12
578.51
230.86
683.95
623.9
790.18
696.86
751.81
715.19
579.07
781.34
133.06
802.14
998.76
578.96
773.97
519.03
549.02
335.2
315.22
730.19
911.04
563.3
753.04
288.09
219.65
845.68
363.29
229.51
136.99
764.37
888.64
163.53
508.21
521.45
911.92
216.92
878.86
883.15
247.45
971.05
330.24
608.92
811.55
803.6
654.91
811.49
188.49
921.89
526.12
660.88
634.47
670.51
676.94
932.94
990.01
380.79
230.47
921.96
579.61
701.19
345.31
196.38
329.16
189.1
935.94
784.63
889.03
546.56
755.88
673.51
671.06
208.78
203.09
456.71
170.77
335.57
729.09
199.31
717.6
738.68
615.48
124.96
796.75
209.04
511.24
762.06
136.19
790.14
359.14
147.56
174.3
961.0
580.9
429.05
767.47
804.49
554.55
877.47
850.94
913.54
633.7
254.15
188.35
720.04
741.75
865.04
913.39
370.01
231.17
367.6
267.99
713.7
888.1
976.56
111.57
417.36
764.4
304.23
245.49
159.32
378.08
490.65
108.55
438.81
841.26
102.31
424.18
156.2
554.86
586.49
792.31
894.02
115.96
190.69
775.22
637.22
494.6
699.88
378.43
775.64
522.19
693.19
306.6
771.52
562.32
320.34
807.16
835.97
182.61
974.39
383.5
225.41
498.83
422.35
865.55
155.28
854.87
683.38
433.67
522.88
526.54
177.83
235.92
959.08
582.42
554.87
276.05
491.19
255.18
986.66
974.58
345.55
294.31
444.48
964.4
401.46
438.71
730.97
683.7
129.09
353.24
562.57
359.33
481.07
142.51
100.53
180.04
220.97
601.36
292.68
143.87
911.95
636.53
127.16
822.61
442.71
257.4
428.24
881.4
973.55
776.3
548.66
310.68
996.1
522.2
313.71
264.8
285.49
525.53
852.46
528.76
156.92
458.76
896.08
308.11
105.31
648.26
793.67
486.19
376.18
366.0
158.26
727.29
663.49
444.17
716.55
833.0
424.15
427.17
455.52
350.47
883.94
518.51
199.25
727.34
673.97
696.46
751.38
826.18
273.78
161.55
742.53
782.81
204.01
501.39
435.99
475.57
474.17
568.08
649.77
653.67
586.78
628.51
251.84
863.19
972.76
414.38
254.98
223.7
170.11
709.76
193.52
881.94
137.5
907.84
650.39
850.5
381.92
867.18
568.22
938.58
977.23
465.05
553.3
981.03
922.75
884.2
300.84
261.14
636.82
547.24
182.62
890.86
146.96
420.36
687.16
402.09
141.43
380.35
674.1
255.82
557.08
455.36
935.54
736.88
330.67
155.84
615.98
712.23
318.57
349.4
492.47
500.47
426.67
932.55
413.56
338.22
161.01
968.59
966.49
735.16
733.59
783.11
982.32
752.68
275.77
118.69
872.49
821.93
585.1
621.21
160.27
587.02
720.04
576.62
986.51
654.54
380.05
496.16
757.3
191.05
450.68
906.88
616.67
228.32
583.4
589.7
206.45
389.13
931.39
935.07
285.91
108.27
513.88
237.73
590.8
385.69
857.57
763.22
299.47
424.16
306.26
195.04
899.83
205.98
207.93
660.88
608.86
239.07
408.14
594.83
935.68
167.8
145.52
537.63
960.49
714.68
782.89
548.02
941.81
393.92
256.8
127.44
883.09
954.07
846.55
939.09
996.62
463.37
538.66
282.6
164.8
375.36
415.92
510.31
279.97
488.47
149.37
223.19
114.39
347.98
362.27
530.4
753.57
246.96
253.37
923.0
329.11
884.94
745.42
370.62
709.99
971.32
169.89
353.51
781.48
938.03
685.88
593.83
141.75
486.81
721.71
784.5
385.36
148.5
825.76
130.44
887.44
370.81
911.53
674.83
838.93
735.6
574.14
483.09
462.54
454.27
321.58
892.17
473.39
382.3
427.69
700.62
315.03
545.36
899.81
590.77
814.94
983.0
150.99
541.97
429.26
145.62
231.28
766.28
337.91
436.2
325.49
214.93
452.61
174.0
486.7
864.42
658.13
588.15
955.76
408.88
624.48
805.08
615.73
336.49
917.51
851.04
820.85
298.8
726.05
383.21
658.91
666.97
608.69
712.91
467.37
256.81
932.85
715.36
704.49
913.43
864.79
542.93
222.1
436.6
499.65
768.81
550.72
749.49
532.53
847.9
568.41
682.78
130.7
800.07
140.73
314.58
849.89
899.11
271.8
625.79
645.17
342.45
811.04
416.85
961.67
240.98
861.63
770.91
235.18
174.23
236.0
354.31
866.11
656.41
896.39
329.42
108.81
146.7
232.46
384.34
888.49
269.99
232.77
176.89
405.04
351.27
529.31
336.26
514.76
558.19
177.99
288.38
641.85
847.51
401.61
536.48
606.88
803.95
614.55
716.1
598.24
323.13
297.78
896.43
764.69
604.34
269.26
875.5
288.55
498.63
818.69
388.39
880.02
116.1
151.38
206.18
417.21
473.59
574.41
522.37
856.6
108.1
588.37
434.71
543.41
845.89
795.55
994.72
991.26
463.13
942.19
469.29
138.68
118.84
476.45
923.81
414.15
780.36
676.28
468.02
229.44
212.26
908.16
658.37
327.23
357.61
445.35
119.12
574.77
545.61
206.2
418.02
328.32
740.53
524.41
823.96
258.29
396.69
977.83
982.01
418.24
337.5
921.05
887.26
390.3
952.42
998.51
289.24
309.46
845.45
582.24
792.01
738.11
525.67
887.56
130.69
252.17
970.15
176.39
326.62
169.28
511.52
307.61
817.8
157.48
719.94
964.49
369.32
460.04
991.41
825.7
823.45
917.01
631.01
536.2
148.54
416.18
450.56
862.6
552.51
985.65
704.96
977.65
580.07
769.35
787.59
597.77
645.28
208.98
968.72
526.56
165.44
472.9
788.24
914.45
317.62
580.68
497.87
485.77
238.16
286.51
570.88
431.94
660.41
694.36
523.78
455.85
645.98
545.8
344.01
263.63
190.06
707.08
754.13
524.11
523.69
394.72
971.19
241.64
502.88
628.72
666.0
931.62
592.0
782.92
287.32
872.2
133.87
333.39
765.51
292.38
712.03
825.17
863.75
729.45
326.33
978.01
102.04
644.44
569.91
238.63
592.89
594.09
648.41
719.68
219.07
780.17
748.82
362.57
304.47
701.44
639.12
457.88
648.91
164.99
487.2
905.83
209.92
885.86
222.97
491.8
869.0
127.28
648.62
181.22
816.51
787.29
814.21
592.42
638.65
541.25
234.27
289.33
807.22
273.84
400.06
619.64
987.95
458.22
444.59
411.06
563.28
551.78
345.81
277.43
151.99
916.14
837.69
505.23
127.47
469.94
904.1
248.22
411.24
129.8
252.96
147.61
381.1
755.73
734.09
582.52
148.23
524.28
343.8
596.84
309.33
305.92
568.39
929.57
546.16
622.49
700.86
502.3
759.33
677.86
134.17
980.06
670.28
500.5
736.53
403.27
560.8
484.35
137.82
365.68
669.42
264.13
152.33
262.54
404.04
547.95
304.58
913.33
963.12
256.14
523.5
918.35
319.78
158.04
353.94
713.09
349.08
611.24
278.92
271.34
766.53
630.27
705.43
787.87
346.22
637.45
519.9
601.1
474.34
635.3
560.21
713.4
657.69
846.57
939.53
167.27
251.07
760.01
666.39
223.24
759.79
696.23
653.65
415.21
434.88
765.03
897.02
529.57
283.41
246.75
492.49
486.8
559.77
287.0
827.22
266.5
924.6
210.08
291.07
254.53
709.64
148.1
469.81
105.65
260.82
479.17
364.97
933.97
671.25
122.96
334.74
347.64
251.9
590.31
732.8
359.24
509.94
152.83
607.63
708.52
728.68
673.1
498.49
922.73
267.74
199.39
334.88
462.51
730.15
105.15
377.62
270.06
469.1
813.31
807.88
162.32
202.8
496.49
399.99
390.41
725.69
966.99
957.08
743.86
683.8
621.34
577.39
826.06
950.13
297.95
391.67
279.27
357.7
248.2
203.56
832.33
923.32
329.92
733.33
428.0
190.41
205.76
651.73
843.46
637.72
299.55
205.74
641.8
126.27
941.17
817.49
291.97
634.98
526.53
780.24
292.7
388.26
743.9
474.57
642.37
625.12
627.82
248.18
989.83
743.2
587.58
325.02
356.7
199.0
254.46
831.5
247.51
344.09
743.42
206.88
518.01
972.42
668.74
374.86
276.39
821.86
922.47
711.0
768.8
161.8
437.03
172.75
215.27
723.28
277.11
774.69
412.18
642.79
437.58
840.69
505.66
800.24
820.83
415.75
178.61
600.9
190.61
235.44
868.08
833.02
789.71
219.41
774.48
208.16
932.67
498.97
224.12
355.54
537.23
850.13
802.45
291.88
640.93
812.14
312.16
316.39
420.11
960.13
393.75
575.16
132.19
723.15
181.18
506.48
445.4
675.0
751.96
804.67
591.07
710.51
725.2
998.51
690.0
669.77
921.02
790.73
159.95
493.03
925.9
790.64
210.94
385.81
668.31
303.12
159.02
528.54
832.93
319.53
638.46
595.96
620.39
192.27
210.78
240.45
558.73
494.0
855.05
840.81
788.22
208.02
140.14
135.01
375.94
758.23
504.72
143.37
930.02
244.26
410.05
654.82
129.27
367.51
376.9
723.02
595.68
134.12
898.31
150.39
388.89
309.61
469.19
813.72
636.31
613.23
896.79
788.5
331.92
134.8
443.91
537.7
383.71
563.28
996.05
988.93
469.81
464.14
478.4
546.92
563.59
221.83
941.64
235.95
525.6
485.4
166.76
505.38
770.95
296.44
215.92
745.84
836.28
364.43
778.6
480.06
320.99
155.2
975.01
496.75
376.75
655.01
615.68
135.97
769.76
611.69
523.98
414.91
301.02
316.67
962.37
251.84
652.61
128.47
535.77
145.88
366.67
623.04
697.85
175.22
865.34
803.57
637.83
234.5
226.51
345.12
303.15
837.33
419.33
401.36
396.78
100.7
649.45
169.21
440.31
997.49
561.77
794.17
518.02
552.97
653.27
906.26
393.76
360.15
216.84
733.76
644.56
586.53
173.45
626.14
455.62
555.87
249.35
256.59
485.71
815.73
456.78
283.77
586.05
978.39
327.72
775.67
589.54
482.08
634.18
182.55
739.85
652.29
149.41
424.68
433.14
781.48
666.29
444.74
995.08
308.58
644.34
105.36
905.64
529.36
130.87
883.97
841.85
360.64
541.95
110.11
493.19
394.23
186.14
637.23
120.48
717.36
606.2
984.07
881.16
761.14
397.18
325.71
404.85
229.01
645.93
255.1
414.14
692.74
805.83
780.53
453.88
528.74
879.62
759.38
841.81
399.25
795.56
873.59
783.17
288.35
917.4
565.02
518.18
822.75
650.84
414.56
696.13
275.82
662.23
801.45
405.26
334.93
771.71
969.71
231.12
285.71
855.82
218.71
374.34
729.02
562.92
427.99
775.54
484.88
525.87
986.26
942.98
936.49
483.22
614.38
389.12
468.61
465.33
717.39
406.15
816.79
140.53
807.92
272.34
197.17
931.81
429.74
923.9
549.85
366.88
940.92
260.23
394.84
483.2
559.16
735.16
344.67
619.2
353.17
659.07
254.47
463.45
236.8
516.72
401.41
118.39
790.24
443.87
840.83
241.35
183.42
515.44
811.62
668.45
747.36
470.3
877.9
878.95
609.4
567.47
958.36
403.22
517.38
469.67
106.45
958.58
737.91
187.07
661.2
504.24
711.75
343.02
771.92
798.71
580.45
356.97
707.62
212.22
846.4
226.64
888.91
451.53
702.78
573.44
740.26
740.07
933.67
425.11
226.05
539.78
987.78
762.39
467.47
567.86
123.48
106.77
932.81
513.8
300.42
708.27
184.41
117.89
505.7
874.02
520.92
722.67
119.64
542.31
907.09
301.12
909.01
401.48
954.46
608.52
528.44
849.95
944.43
919.03
429.69
894.4
898.8
597.74
776.63
362.02
113.8
184.42
362.3
314.82
363.76
563.33
613.74
256.63
854.94
448.55
615.61
682.64
364.96
938.99
483.31
774.16
892.5
995.4
849.23
972.56
163.33
304.76
389.33
276.43
220.88
234.45
667.1
745.16
407.38
699.77
298.72
936.54
330.17
897.67
451.45
298.21
447.25
231.32
721.26
291.59
618.58
288.38
240.48
877.74
811.51
481.13
541.39
874.91
169.4
906.3
300.94
472.08
244.3
896.6
545.05
782.68
382.64
429.41
866.13
396.73
835.23
283.94
864.51
608.14
602.84
205.06
777.55
806.36
943.66
344.55
303.37
148.11
507.32
146.33
319.19
794.51
394.04
346.61
700.92
832.76
293.26
519.98
305.53
618.98
399.08
112.75
771.96
581.64
186.15
503.45
356.97
787.49
593.27
736.02
512.58
970.39
997.62
828.7
325.29
287.77
135.29
781.24
469.02
320.86
383.78
406.31
929.77
575.31
844.0
736.48
449.47
777.15
795.34
689.91
372.33
909.35
916.76
935.79
276.15
742.68
550.08
861.5
675.48
259.38
952.55
429.3
898.86
621.52
630.35
474.27
222.86
988.99
527.29
866.64
452.81
910.75
641.14
868.74
458.59
867.42
246.18
469.7
159.89
280.11
922.95
582.27
714.72
588.08
763.68
650.06
185.01
299.49
968.93
595.31
598.08
225.04
298.28
586.59
482.71
816.58
396.77
918.54
665.88
154.33
320.13
592.48
415.02
443.05
675.19
632.46
502.37
902.23
531.63
262.13
450.36
546.86
793.78
271.76
901.2
302.0
390.75
925.85
381.87
287.37
543.11
633.76
728.95
554.64
227.34
340.84
296.59
864.63
352.01
608.21
894.85
325.49
743.56
835.92
171.53
239.55
912.11
214.7
947.95
732.26
250.57
567.25
807.38
246.57
681.0
696.92
174.74
275.46
285.08
760.91
246.16
761.61
335.17
829.67
169.72
138.26
320.49
245.97
963.2
816.11
854.43
560.96
481.18
317.74
197.43
999.0
829.25
603.4
836.17
521.38
439.68
406.7
867.67
945.77
736.43
735.68
580.93
697.0
952.16
774.79
918.14
536.94
355.34
110.84
974.54
883.99
217.52
279.34
949.85
479.3
811.39
231.98
619.95
840.63
785.6
319.81
985.17
330.19
390.22
638.6
949.77
791.29
388.1
106.45
645.12
162.23
503.61
132.69
256.81
824.51
892.92
219.23
720.71
859.24
987.02
127.1
569.46
323.95
198.84
670.69
178.27
886.92
180.3
951.64
190.64
602.6
336.91
633.11
664.72
112.74
888.7
677.28
596.33
770.67
877.32
957.21
802.03
410.91
618.18
864.63
602.39
159.6
195.07
997.55
525.8
686.32
257.0
245.73
537.11
782.44
128.93
297.12
546.2
437.19
161.51
116.7
622.68
885.03
237.8
576.17
515.19
795.44
872.95
903.2
202.47
540.8
794.62
564.2
192.71
651.38
820.26
717.28
563.51
412.82
227.93
834.36
136.13
520.95
627.27
794.41
470.31
565.1
288.26
356.82
510.15
255.96
119.09
170.23
232.7
742.84
373.46
179.26
217.64
566.36
587.21
941.32
862.7
419.63
526.69
555.57
459.95
958.93
819.41
276.54
338.64
620.21
735.63
331.94
481.21
651.01
377.14
342.34
587.56
786.47
996.15
357.71
562.95
166.0
459.25
508.78
544.89
141.66
663.78
134.49
648.18
311.38
772.31
359.24
674.09
571.17
492.44
963.01
951.06
540.87
465.13
117.01
488.24
904.36
625.25
323.0
609.37
360.2
563.25
402.08
554.61
857.5
229.42
510.41
337.59
507.08
224.07
174.24
791.2
768.75
614.38
369.37
749.09
499.09
954.38
287.91
401.9
655.56
256.28
444.5
500.37
475.93
618.18
456.94
354.89
508.53
694.43
613.92
512.84
694.31
396.72
724.99
202.04
401.35
220.86
250.86
111.23
743.04
813.14
910.48
123.36
644.55
416.25
798.81
390.06
749.86
119.97
466.95
987.01
695.29
974.69
440.89
421.88
608.49
167.59
574.52
211.11
239.42
772.85
910.28
950.62
572.64
960.08
961.96
970.83
205.35
254.93
542.74
846.42
704.39
466.19
672.45
984.22
565.51
648.88
472.88
586.49
173.73
983.23
492.73
757.84
278.85
124.44
349.36
204.83
168.13
110.93
717.03
658.32
352.83
246.95
540.96
564.4
898.87
709.47
735.05
546.34
412.38
173.23
203.29
562.0
121.19
419.72
455.82
885.59
336.39
440.7
763.52
128.73
408.25
464.86
303.57
199.51
355.53
557.83
395.57
827.83
526.12
842.46
276.04
167.87
553.33
169.73
481.53
523.93
404.72
624.82
361.68
211.51
820.72
558.83
960.32
543.76
869.62
799.02
778.07
687.43
965.39
628.82
635.13
486.54
926.16
153.39
702.0
193.57
340.0
396.36
944.07
420.56
679.52
386.28
229.12
817.82
699.8
641.99
121.39
868.22
502.0
633.26
597.06
611.4
982.93
916.54
517.24
630.21
549.93
209.49
278.99
709.82
779.14
706.57
453.6
592.3
697.89
561.19
225.7
473.72
753.26
713.64
579.66
137.71
446.35
117.69
600.06
918.86
722.11
887.55
916.28
955.4
369.18
910.63
161.8
906.69
753.88
833.72
244.0
689.25
955.58
904.36
339.44
441.86
509.44
622.54
142.94
497.36
247.62
155.58
190.54
125.7
254.89
615.28
771.9
417.74
722.81
195.96
665.67
303.25
612.15
798.42
484.72
628.27
745.28
318.01
504.8
421.42
892.07
787.24
342.6
893.67
686.16
481.69
339.98
449.75
412.18
493.62
901.53
497.76
771.31
168.78
207.3
386.91
393.66
896.22
795.22
221.58
407.8
238.9
133.17
114.62
912.83
559.85
735.09
178.16
481.39
594.56
509.26
242.4
407.81
718.36
601.46
355.31
681.56
150.27
203.32
875.16
463.44
612.19
335.95
367.85
230.92
393.07
867.5
840.01
572.33
421.2
213.36
606.61
925.05
548.62
434.95
189.4
320.11
708.86
924.29
239.47
350.53
857.59
183.48
687.77
930.21
935.55
353.37
480.45
518.14
226.56
278.64
940.66
646.29
649.84
864.74
642.53
544.58
773.07
213.19
816.26
600.48
116.85
837.66
936.4
734.8
430.21
701.96
932.15
113.03
241.56
317.7
130.06
174.15
146.6
988.93
611.31
986.09
144.01
342.31
333.38
432.7
826.51
111.1
511.15
105.69
338.12
919.21
556.24
272.35
127.52
338.69
767.09
462.88
356.8
128.7
114.34
122.97
673.35
405.07
224.55
740.7
675.75
335.94
448.49
640.63
208.73
923.39
378.53
224.24
535.9
583.74
562.6
308.47
853.33
897.92
514.18
355.62
747.65
501.94
204.35
267.36
294.47
896.66
549.93
132.91
307.9
498.2
432.76
139.07
902.77
988.04
678.88
763.36
453.46
784.93
884.58
437.75
972.92
296.97
322.58
688.87
221.26
164.38
571.92
801.09
717.04
580.81
926.55
437.61
980.87
708.62
378.04
969.34
139.91
433.42
832.16
768.81
518.34
233.13
993.01
194.91
392.98
657.29
554.06
563.8
453.75
990.22
971.22
896.81
130.78
933.96
836.67
186.01
879.15
885.99
347.33
604.74
546.27
826.24
851.76
801.92
110.48
787.19
525.79
851.46
337.37
708.38
563.39
266.23
834.63
658.63
102.42
242.56
651.7
297.51
593.99
176.27
107.11
811.7
864.06
415.44
220.07
611.93
376.84
947.53
820.16
631.45
720.23
375.5
260.99
898.09
981.21
978.45
357.81
822.01
778.34
324.4
668.42
137.46
208.46
292.01
624.75
804.76
290.58
601.85
195.51
420.58
399.96
384.19
363.96
575.38
182.34
404.1
461.15
285.55
799.73
354.54
383.35
517.68
596.78
277.87
930.28
667.48
981.19
107.69
439.88
174.43
211.14
892.46
463.35
223.71
173.28
841.4
730.43
474.57
217.96
457.06
865.69
392.09
280.46
310.3
568.35
178.0
170.04
770.55
447.93
413.5
850.4
867.77
468.83
536.93
585.51
436.46
534.3
449.1
349.27
222.13
553.05
522.1
190.48
270.69
771.61
917.35
478.74
902.33
931.2
771.81
745.83
535.71
833.99
416.6
907.81
790.14
471.53
659.7
347.97
209.84
228.85
917.04
578.38
948.95
975.34
706.67
612.86
807.73
201.01
246.25
749.96
528.29
192.44
901.07
774.17
975.1
862.59
637.04
371.73
679.54
150.19
344.05
757.36
484.6
475.5
856.39
821.43
226.99
157.33
915.45
733.39
883.67
854.96
201.88
426.81
904.06
640.34
617.43
695.88
848.73
977.26
795.66
172.51
641.84
209.01
706.88
286.49
362.17
874.97
823.27
348.78
286.42
282.98
454.91
437.34
542.2
136.59
769.28
841.3
572.96
773.49
843.11
503.94
117.94
763.66
992.36
424.83
740.38
360.48
287.11
527.56
496.19
439.19
346.18
608.57
817.13
300.4
511.92
392.09
212.97
530.28
983.26
639.78
925.76
814.74
740.45
813.36
257.26
605.55
747.07
817.65
449.52
401.63
825.68
347.66
971.19
137.01
538.79
898.59
151.79
487.74
143.98
591.22
908.2
636.96
668.63
728.49
969.14
189.14
108.49
689.47
292.14
797.76
572.96
963.38
257.52
660.7
115.61
346.04
746.6
376.32
184.49
796.37
261.9
549.65
305.63
588.06
745.5
347.31
435.02
362.69
697.43
281.15
369.46
307.67
945.91
432.36
536.02
152.24
997.83
290.35
959.19
364.8
970.65
459.33
306.52
947.95
675.05
981.37
884.59
544.31
367.35
243.21
196.22
799.64
397.63
537.54
643.43
202.95
545.81
848.18
678.64
747.84
232.48
182.94
375.98
544.59
347.6
506.58
374.2
252.56
246.4
159.45
510.72
691.71
831.11
435.17
236.55
770.24
330.36
628.43
859.05
267.81
982.3
191.19
755.82
647.23
776.97
894.92
996.7
352.71
427.41
497.29
693.54
596.34
745.06
665.26
419.08
610.58
904.87
813.13
238.06
513.03
411.27
303.84
393.86
172.99
637.14
506.66
600.12
411.87
214.25
593.38
625.24
159.61
131.15
944.06
888.77
240.51
554.85
717.66
753.72
470.18
564.32
967.05
224.15
440.1
434.95
431.66
918.55
708.72
949.82
949.52
331.41
835.38
590.34
672.71
662.86
663.91
671.57
910.15
843.62
960.74
987.14
748.75
255.06
117.2
117.02
937.96
109.63
495.04
177.36
332.17
360.82
843.45
734.22
672.78
854.26
901.65
462.6
155.32
322.81
612.73
128.88
572.59
269.63
129.29
333.12
549.43
167.87
813.83
893.78
773.19
654.85
108.5
697.46
516.07
554.86
824.64
414.7
654.13
630.64
935.15
632.74
616.84
501.83
509.03
329.37
304.18
643.4
116.43
960.55
291.25
552.74
829.46
498.99
160.06
293.18
170.99
499.4
855.65
153.66
326.94
773.86
194.98
278.43
925.79
499.34
626.3
823.49
268.68
121.58
992.03
537.59
378.95
521.46
281.34
659.29
843.83
649.89
492.53
727.93
857.34
609.72
448.25
440.12
116.82
329.26
628.87
287.27
554.14
684.19
878.34
329.51
320.66
268.3
874.77
611.97
221.41
913.54
468.23
974.62
676.65
995.53
771.37
943.56
331.03
258.94
715.93
281.33
935.98
778.34
269.41
398.21
535.7
878.97
802.65
363.38
256.41
820.17
375.05
793.53
188.24
422.11
800.15
627.25
954.53
636.61
116.73
840.2
672.19
796.83
814.83
182.73
806.47
676.66
845.99
227.37
974.56
613.12
477.59
706.78
448.93
180.71
837.3
593.76
448.12
508.27
346.8
545.3
400.8
877.88
570.37
255.5
985.21
147.48
799.14
383.79
111.16
933.48
634.14
733.61
459.13
838.53
843.66
601.09
330.24
880.23
693.64
294.66
202.64
957.49
820.71
883.38
257.8
407.99
488.85
196.51
512.99
586.24
962.02
875.16
934.1
993.22
409.35
482.41
836.24
821.35
357.01
170.87
130.49
325.97
522.74
288.49
928.41
480.59
159.58
389.66
651.82
600.84
512.68
164.23
345.99
977.87
821.47
320.38
593.56
968.43
675.99
126.67
839.98
554.15
400.02
350.08
307.36
793.37
594.29
223.73
158.87
722.81
283.52
322.08
599.79
661.37
914.15
361.97
895.37
923.8
106.29
396.65
759.65
109.08
691.49
818.78
647.31
138.71
711.0
607.69
268.22
444.43
284.27
492.63
985.3
830.57
480.23
617.96
710.82
816.94
369.96
332.28
938.22
299.52
545.75
238.97
499.75
102.72
971.25
211.59
414.71
102.85
949.52
948.29
941.21
672.14
436.99
558.03
195.25
329.41
574.45
947.87
979.75
848.91
409.64
743.49
823.32
790.4
809.77
585.33
455.53
106.37
168.4
572.05
390.53
520.79
169.53
615.75
629.25
748.08
741.16
277.68
698.1
167.97
262.31
181.77
648.87
648.69
899.56
176.36
546.54
606.06
561.55
276.42
936.5
603.25
431.87
617.91
821.73
135.13
258.0
167.39
634.01
715.86
321.69
335.83
407.8
152.78
765.08
289.11
930.15
135.91
510.08
865.47
391.78
888.22
639.5
467.07
640.13
863.48
713.98
144.6
245.8
667.16
462.45
164.59
929.09
784.93
382.5
766.49
952.67
484.41
662.3
296.6
308.09
569.36
913.63
863.3
931.88
659.13
860.78
824.77
688.54
877.91
935.25
990.24
829.77
741.6
834.25
524.59
631.21
703.07
281.25
466.17
785.81
512.26
613.49
948.93
123.87
388.97
622.89
268.03
361.45
365.53
382.95
366.13
151.83
281.43
292.17
222.88
103.35
781.48
404.6
336.3
491.58
495.96
323.05
835.79
245.36
314.83
920.03
265.72
266.66
843.72
386.05
981.66
181.24
841.78
561.59
469.18
419.28
116.41
207.46
512.52
417.24
256.25
697.36
113.64
195.4
397.38
204.33
562.92
586.08
761.88
353.13
952.85
309.59
870.89
356.28
939.79
888.14
178.98
586.29
499.49
462.09
233.97
619.7
163.96
631.29
778.26
387.48
419.14
752.6
424.67
778.56
679.41
704.49
112.98
568.12
506.67
982.75
505.19
801.62
254.62
419.19
537.12
696.29
703.63
573.47
252.34
117.88
680.38
878.46
828.85
300.62
411.19
328.16
867.45
746.64
644.29
499.0
329.34
289.26
426.1
719.16
788.15
773.35
836.05
121.54
601.8
461.85
898.56
235.44
401.46
918.65
788.8
122.86
892.4
359.23
603.74
172.79
741.56
891.47
546.68
585.05
732.78
916.93
556.58
450.28
379.52
663.58
828.1
911.87
771.94
497.76
765.55
858.29
305.05
344.72
297.87
144.96
206.81
120.52
752.08
562.44
921.65
902.08
800.83
810.5
111.22
859.13
332.52
466.33
790.97
776.79
349.61
608.33
845.92
136.89
351.52
183.47
170.4
584.25
412.13
440.07
532.06
972.03
761.22
960.4
931.13
635.87
370.95
303.6
847.75
186.52
163.36
107.79
241.4
156.88
324.8
634.91
348.14
202.63
696.04
142.38
409.01
669.47
213.74
100.35
223.06
214.32
960.55
409.92
125.07
158.76
911.66
608.01
523.9
827.01
897.33
185.93
389.71
846.22
264.81
185.14
379.21
370.61
722.78
279.87
370.91
438.08
440.19
604.74
213.01
983.65
219.67
839.37
120.68
368.58
505.04
672.53
661.2
529.81
125.42
653.03
446.14
695.59
860.87
508.25
170.45
891.73
931.68
137.59
331.53
938.07
663.35
827.98
899.97
982.58
144.23
342.8
381.52
964.05
866.34
132.38
895.56
821.15
377.65
650.7
758.28
266.41
297.05
662.0
790.41
326.91
913.96
