100 100
83	25	41	72	21	72	15	91	67	61	13	47	61	37	26	46	89	37	33	60	61	47	52	67	54	31	36	52	39	81	89	79	56	24	22	53	33	60	68	12	74	47	28	84	68	41	33	20	88	72	99	11	21	97	35	51	72	83	72	23	33	36	97	88	35	49	47	44	75	48	36	75	77	75	65	85	30	39	29	83	10	20	83	70	72	91	10	33	63	38	90	83	15	21	29	90	79	43	96	52	
224	226	18	77	93	10	86	86	10	66	12	54	71	11	78	98	35	33	74	74	23	71	73	73	28	30	71	95	54	57	51	68	84	92	82	28	39	48	35	40	61	59	21	68	34	89	33	33	76	61	12	12	22	62	27	31	38	33	15	63	52	18	19	23	37	30	90	71	31	89	36	52	75	59	20	13	13	16	94	86	44	42	97	97	69	48	46	35	13	26	70	31	53	64	78	67	10	31	19	74	
313.93
589.26
432.59
642.92
662.52
158.91
111.84
852.88
333.16
310.66
995.08
522.77
851.98
528.24
674.52
235.4
670.74
880.37
570.34
766.39
703.6
157.56
781.65
631.4
370.84
127.88
878.11
525.0
746.22
890.05
742.0
928.07
455.07
820.02
499.71
941.09
890.1
187.61
222.24
295.07
967.97
492.11
663.36
370.62
556.01
446.89
415.47
625.98
625.24
912.88
713.1
935.12
869.9
990.9
703.47
246.63
873.71
967.21
913.32
611.63
741.72
289.8
847.62
615.61
356.18
157.05
867.69
989.84
179.58
819.74
469.01
235.54
364.21
791.14
884.62
139.73
652.46
140.4
745.88
397.53
891.93
981.59
554.37
997.66
378.39
169.2
639.19
128.21
277.45
466.73
648.81
240.42
138.15
880.13
382.13
961.83
906.1
439.63
513.91
567.55
678.86
635.49
602.78
657.49
945.62
555.82
487.64
747.56
313.63
370.68
979.04
568.49
593.04
110.3
473.27
621.39
118.03
653.6
668.33
154.01
663.98
519.16
710.67
416.97
735.55
763.49
119.94
154.46
707.74
966.01
325.76
510.22
632.81
387.7
427.2
381.09
431.87
635.46
370.06
439.07
794.27
124.2
611.76
760.92
378.71
300.06
822.62
314.59
268.47
491.28
727.56
191.56
389.45
400.04
849.35
494.15
869.13
252.19
402.7
684.56
895.52
505.54
302.3
208.71
576.14
271.53
825.29
853.79
265.04
350.45
825.7
677.1
824.83
410.41
216.59
362.46
813.68
343.79
411.37
474.8
477.37
468.16
927.63
240.24
104.19
948.0
891.1
987.24
490.48
954.19
933.71
299.66
770.23
852.19
696.03
566.59
359.85
406.62
304.49
161.19
629.22
358.02
828.36
140.52
912.34
723.64
930.55
906.01
908.81
618.68
111.82
770.02
254.47
369.6
695.94
571.94
471.96
944.2
650.34
406.88
326.97
874.64
529.0
803.31
416.31
277.4
580.64
834.31
254.0
811.71
928.67
824.64
840.33
106.75
665.12
875.44
144.89
343.99
341.46
574.01
480.26
525.14
798.07
101.63
149.3
214.05
212.04
161.51
976.25
868.15
177.43
551.41
383.99
382.81
415.81
681.58
627.37
424.39
271.78
395.57
211.26
599.42
743.72
441.83
171.83
260.52
435.57
643.39
803.58
441.86
820.24
660.01
488.0
434.81
546.04
731.89
478.04
724.02
514.3
320.33
581.72
724.96
164.35
481.97
482.84
890.82
941.9
436.44
907.17
811.03
335.7
517.26
210.71
831.09
695.4
897.72
812.43
700.14
759.63
606.9
192.72
628.4
104.41
229.02
796.1
139.84
182.53
189.27
891.54
261.06
121.12
856.54
209.03
858.7
705.51
851.73
956.22
620.59
818.07
132.61
789.91
559.68
742.93
195.96
773.32
940.17
154.96
391.5
607.02
844.43
317.67
261.62
324.72
653.77
777.44
453.96
430.36
456.58
414.91
475.98
174.85
549.78
974.78
471.14
771.92
244.4
721.06
779.75
705.8
564.87
534.87
678.01
906.76
234.25
186.18
772.59
924.04
565.01
498.31
746.3
267.31
340.35
279.06
626.47
383.05
308.84
721.33
957.13
365.98
734.09
471.47
867.42
625.6
340.19
295.63
120.79
531.06
444.09
254.85
424.06
389.52
796.01
229.11
991.1
531.15
638.5
520.78
850.32
838.63
600.85
532.69
747.92
870.13
459.84
759.5
963.27
520.19
306.41
311.07
745.2
707.14
961.88
867.64
317.64
270.47
332.5
268.28
733.56
871.88
908.88
329.25
877.72
381.76
480.54
755.34
177.25
183.29
849.7
362.3
420.64
621.69
707.28
106.19
400.99
492.16
536.82
288.88
626.01
958.85
451.44
589.38
207.14
347.01
698.22
201.16
897.58
916.98
187.12
946.22
436.43
794.4
780.83
365.69
707.62
688.02
824.64
338.77
778.02
964.23
704.87
582.01
201.85
544.0
416.59
745.57
710.01
609.19
263.6
680.46
667.17
261.01
900.04
689.18
210.69
937.73
227.1
398.05
747.71
637.09
598.88
682.09
511.48
380.89
258.57
161.67
743.54
778.28
588.28
764.94
422.94
339.0
444.66
884.41
137.86
553.74
322.23
791.24
418.34
399.24
462.6
586.81
793.77
417.24
861.35
200.81
343.17
189.58
201.3
800.31
753.83
266.18
270.06
474.57
768.24
833.36
773.08
632.13
231.68
458.18
274.08
574.31
610.96
281.67
324.89
802.71
127.05
822.04
901.19
953.44
444.45
596.79
624.17
669.64
978.3
717.28
369.16
873.15
535.18
640.63
753.42
102.13
792.64
695.08
542.19
570.75
514.02
273.9
576.06
133.32
549.9
680.72
499.36
608.84
962.16
901.95
221.89
812.35
660.33
145.5
423.55
309.84
169.97
584.45
935.91
390.48
882.59
724.5
220.79
871.6
640.41
933.35
743.64
765.01
408.89
825.21
937.63
874.45
492.89
780.41
536.02
198.1
138.39
170.07
280.07
244.58
546.93
728.65
583.15
479.48
683.67
373.88
517.5
780.63
460.91
262.35
908.57
747.0
429.87
433.5
575.87
636.23
301.24
102.43
287.89
804.08
228.99
513.53
275.57
288.15
253.52
462.97
251.28
124.71
198.95
251.24
540.76
153.69
120.16
502.77
466.56
732.4
145.95
462.57
456.55
123.97
968.01
296.8
184.75
526.65
248.12
659.58
411.38
211.43
146.65
754.18
347.3
808.27
518.4
938.69
370.19
324.73
338.97
832.39
665.56
409.92
184.25
713.48
971.37
632.44
103.29
127.24
181.39
253.13
132.91
148.5
688.23
909.37
280.42
975.49
528.71
822.43
924.72
945.14
130.76
373.95
645.63
950.94
178.91
363.8
864.07
203.09
450.49
400.43
711.36
934.74
256.99
765.08
759.82
851.26
597.45
930.23
426.18
472.84
306.23
800.74
532.07
342.24
252.6
747.85
644.53
738.85
447.73
537.92
238.35
738.92
120.64
519.77
781.85
708.92
187.28
313.22
858.45
677.5
889.8
884.16
504.46
906.31
758.84
400.01
432.71
164.78
459.0
959.17
194.39
611.44
199.01
172.72
683.58
316.38
143.89
237.25
679.46
626.42
110.48
306.7
969.56
297.85
605.64
477.24
802.25
643.31
808.99
581.16
269.16
259.67
171.14
842.14
201.17
121.57
968.81
279.13
903.06
177.11
518.25
300.25
845.7
653.26
676.98
784.5
883.66
411.1
642.19
500.59
199.74
851.01
634.36
832.51
285.18
584.72
517.29
754.48
169.44
411.19
535.6
164.3
596.88
761.05
480.14
682.92
644.68
292.54
415.14
995.17
401.35
487.32
175.68
295.88
248.59
936.91
753.0
886.37
986.93
650.32
937.28
581.61
476.45
952.3
911.88
953.69
535.29
795.34
465.88
996.57
927.35
362.55
939.84
265.94
186.18
749.4
364.57
566.99
674.69
136.47
769.92
348.11
488.72
409.96
767.14
771.37
358.29
192.92
369.1
469.56
169.72
237.74
785.69
729.68
977.79
980.71
887.65
434.95
245.05
380.43
516.38
572.82
587.32
423.38
866.57
356.38
516.38
897.24
825.62
367.36
318.1
825.2
109.04
218.2
577.25
581.72
248.99
145.18
283.34
792.23
518.71
980.38
806.2
980.33
131.58
266.35
111.86
488.69
404.1
146.09
590.87
184.34
380.14
322.26
821.11
475.98
334.06
139.56
486.18
664.11
707.03
920.38
826.9
322.39
221.96
781.72
809.77
557.44
847.07
596.12
351.35
251.7
115.32
678.14
906.38
914.64
520.27
698.27
934.83
831.79
641.78
472.57
566.05
253.54
264.47
714.73
991.91
591.81
466.92
416.36
508.95
821.85
506.81
962.38
239.62
383.1
569.28
470.28
865.11
844.01
937.26
650.6
127.51
616.48
594.22
538.34
351.58
737.75
919.55
192.11
701.15
433.8
562.8
905.24
963.33
678.56
275.38
927.72
262.84
444.59
844.53
384.26
343.53
953.97
948.48
385.34
452.89
353.47
218.23
324.95
981.17
171.26
306.55
279.8
171.5
573.1
767.97
853.62
667.37
835.21
104.82
353.69
964.09
162.37
340.59
534.08
340.81
590.97
142.38
312.11
960.85
229.65
914.04
259.94
992.54
706.46
681.59
227.85
149.06
782.76
258.36
270.45
839.6
886.46
143.87
963.73
580.71
443.76
196.25
450.49
987.78
352.41
218.05
230.58
214.09
416.82
922.55
169.19
272.59
944.44
996.21
980.95
321.11
418.58
954.8
536.08
732.37
381.63
119.19
410.49
772.61
802.96
611.41
517.2
583.78
497.62
580.46
848.85
280.21
634.29
938.58
862.66
261.33
966.14
855.2
250.96
339.04
281.92
147.7
979.56
467.95
884.54
203.0
112.52
881.93
813.81
991.41
716.24
572.18
788.67
183.18
585.8
496.63
231.56
639.75
390.52
555.24
435.79
386.0
422.24
640.33
981.47
941.6
875.11
850.87
357.83
978.07
342.51
210.74
550.23
758.26
406.57
680.1
353.87
969.27
507.16
529.6
577.76
886.54
986.89
575.1
496.96
655.4
162.28
482.51
861.88
798.89
153.36
868.18
445.24
982.16
429.59
292.97
593.29
894.58
487.55
879.86
739.52
425.01
370.24
554.29
458.71
434.92
685.9
886.74
625.39
231.43
297.7
433.46
652.6
225.43
173.31
388.26
354.4
126.51
584.38
928.26
580.39
762.93
844.74
853.09
920.83
496.82
713.51
208.53
891.1
440.04
527.34
900.38
357.79
270.73
840.41
638.37
176.27
125.22
415.79
106.73
848.35
265.11
346.48
449.51
560.03
488.68
665.16
693.2
492.15
187.24
980.22
721.4
175.11
497.07
777.46
991.61
159.34
108.53
531.47
479.47
904.07
843.01
398.09
476.47
623.99
894.86
281.54
452.29
179.52
676.51
123.88
940.61
570.83
615.94
176.67
308.78
521.43
870.77
584.61
355.87
982.89
694.64
575.01
281.93
368.4
908.97
219.47
577.89
657.35
419.02
791.07
918.05
870.93
763.46
283.02
153.83
489.11
380.57
274.32
883.37
294.25
839.67
942.94
207.64
921.31
457.04
290.54
267.64
133.9
548.38
445.51
865.45
848.88
151.24
460.78
449.88
259.69
325.38
336.75
724.02
405.85
199.93
298.15
497.52
607.79
320.7
728.96
293.66
703.06
647.81
258.01
775.2
454.42
585.04
637.4
664.69
497.66
150.33
807.24
872.81
540.66
620.51
341.36
907.91
716.41
299.47
834.9
986.52
411.01
994.98
534.33
260.67
744.48
404.65
758.37
624.52
196.78
574.74
864.9
529.54
584.85
875.96
501.54
542.93
623.95
840.65
282.6
184.11
784.31
596.77
372.17
902.05
895.26
586.78
988.6
851.53
772.5
361.86
109.73
710.06
760.87
415.25
530.41
609.89
324.6
727.16
605.7
446.59
198.53
598.0
387.39
751.67
255.11
454.56
276.4
467.04
618.16
196.11
149.27
533.56
281.19
554.08
250.29
190.61
583.23
929.95
880.82
563.46
457.18
159.4
348.44
382.51
946.44
205.37
952.22
528.58
490.21
335.78
965.33
267.29
613.64
559.17
279.36
300.44
985.89
810.93
759.37
911.7
188.6
732.49
774.72
302.61
510.89
976.0
393.76
785.35
248.59
699.79
342.23
557.41
434.77
882.42
769.63
553.23
717.83
484.47
823.05
331.46
589.19
626.49
448.88
141.89
252.79
675.78
290.0
781.57
553.91
956.87
862.2
753.91
434.88
139.12
600.42
770.36
928.04
282.2
242.45
981.45
764.77
535.66
763.9
234.34
589.1
701.1
642.8
244.89
222.97
661.72
895.03
224.17
106.38
174.45
805.91
451.31
509.75
993.63
649.42
336.72
730.17
101.78
353.1
728.07
253.58
129.38
565.9
394.7
973.11
191.35
821.16
449.24
824.07
500.15
700.01
393.63
301.9
506.73
819.39
410.43
306.68
473.86
186.21
383.84
614.98
590.42
637.11
360.73
122.29
123.82
404.76
276.62
611.5
338.56
784.97
640.63
695.44
761.24
568.93
483.49
377.27
156.57
814.19
549.59
189.65
933.04
623.22
660.58
494.35
213.38
998.58
251.19
429.26
998.4
209.77
549.04
531.21
322.63
931.23
472.36
110.42
525.72
104.23
736.94
881.26
914.2
143.09
707.03
373.95
524.9
370.1
374.21
219.33
662.53
179.62
966.81
139.4
966.7
272.21
175.04
769.58
577.27
791.27
557.1
666.86
174.33
705.79
560.69
965.04
105.57
161.4
707.95
932.62
479.12
739.13
603.92
451.42
518.41
640.87
125.97
374.75
763.52
332.05
525.36
330.79
421.49
684.84
768.58
960.19
528.65
282.28
402.89
152.59
315.36
625.5
649.38
317.09
263.25
188.15
260.6
550.77
329.4
894.45
607.8
405.81
487.54
135.95
758.87
775.23
426.91
752.22
344.96
297.33
305.18
276.82
644.67
677.26
754.24
193.29
788.87
529.97
440.25
552.26
489.06
279.88
455.12
680.82
742.99
922.6
274.75
901.01
819.51
740.96
980.57
223.96
798.16
908.56
209.71
634.61
951.36
363.42
868.89
914.78
491.16
230.53
293.78
846.02
479.52
383.79
498.18
934.44
328.33
116.44
953.33
384.91
446.55
977.31
353.43
177.08
898.06
319.24
299.2
942.96
306.18
910.12
399.47
372.62
294.03
587.53
603.56
458.11
556.18
367.99
853.06
939.55
777.01
836.98
163.59
325.06
283.13
239.19
970.63
913.83
921.83
601.49
204.74
483.9
150.55
913.27
338.69
359.04
950.25
280.26
929.41
379.72
697.68
195.93
907.64
458.37
410.2
688.28
633.46
325.63
211.64
617.35
122.18
883.44
409.03
252.46
394.77
202.31
384.66
588.35
465.81
400.46
361.42
537.37
800.05
493.51
790.35
533.92
208.18
253.04
862.03
530.88
443.81
563.57
860.75
437.42
425.07
429.01
109.71
589.81
530.77
545.71
505.98
524.75
743.2
267.34
982.27
203.08
878.84
257.38
814.89
334.21
170.33
586.07
854.24
860.09
888.4
980.76
147.79
440.75
196.12
778.9
505.9
768.92
815.36
998.09
708.49
886.81
593.09
172.53
901.09
181.87
177.1
846.46
352.22
695.5
125.73
289.5
743.4
133.85
559.05
942.81
292.67
733.6
768.72
657.36
788.93
727.67
112.83
272.45
582.23
971.9
295.05
627.58
215.37
861.3
500.18
569.25
701.74
222.74
755.2
819.11
872.75
353.0
310.65
248.3
908.54
493.79
450.45
567.89
727.97
385.96
402.34
788.83
798.24
366.07
166.22
934.33
756.0
634.2
463.78
961.98
487.14
294.67
190.21
415.59
640.09
427.72
951.45
684.18
511.91
693.61
640.97
655.22
545.2
570.2
541.63
847.39
272.5
806.13
368.18
863.05
165.44
536.01
498.19
739.69
281.96
335.94
219.52
604.74
618.32
100.47
259.91
279.47
960.54
509.06
608.42
360.39
693.07
830.87
703.41
101.31
495.11
539.46
140.05
810.17
386.65
363.73
662.1
625.73
546.3
872.51
566.46
408.51
157.89
597.04
426.77
582.4
412.33
106.19
133.98
241.95
184.46
865.41
622.09
314.42
738.9
670.39
155.75
775.39
305.73
996.61
227.55
356.97
323.96
875.11
835.91
620.88
233.94
485.36
731.09
152.06
927.92
856.38
937.6
728.03
655.26
976.58
339.95
374.69
210.74
262.17
817.82
185.61
768.97
456.24
888.98
782.91
717.46
859.66
138.24
338.62
431.36
485.97
702.63
890.39
765.3
934.9
725.68
420.48
556.54
772.93
832.6
432.54
419.47
652.44
305.31
893.79
100.07
683.18
536.58
275.31
612.6
526.26
964.94
895.28
627.33
883.38
894.41
248.49
843.82
849.18
990.77
782.91
452.45
285.54
686.91
289.43
780.8
616.33
842.37
420.49
372.39
913.08
695.59
440.03
604.02
491.54
678.01
564.59
356.73
980.72
895.87
782.05
350.12
274.62
757.23
839.29
686.81
291.94
747.62
570.38
435.64
629.47
503.45
683.26
775.72
983.49
199.93
613.41
949.91
690.65
621.11
866.83
128.17
812.62
660.27
625.23
379.31
656.69
212.71
572.42
331.73
937.55
823.4
525.08
778.73
445.94
570.72
245.19
871.23
786.88
783.24
174.86
836.68
110.82
608.06
538.54
153.26
479.14
897.52
661.22
382.72
832.1
419.52
906.46
460.38
169.76
973.58
163.89
327.51
793.18
203.54
589.18
872.29
630.37
412.97
781.46
842.21
620.85
663.59
389.8
466.31
991.68
973.68
101.53
276.45
302.52
812.81
280.35
252.26
788.53
251.82
978.66
509.38
907.83
836.93
286.24
806.29
473.02
299.72
141.4
732.18
604.38
372.55
848.69
277.14
499.83
178.45
415.01
895.33
549.57
238.06
312.66
679.27
349.68
897.57
154.45
881.14
659.12
839.19
418.44
162.15
254.77
663.51
123.29
199.06
803.28
889.35
869.65
852.85
598.98
886.87
727.13
601.1
482.69
121.89
180.58
324.45
514.35
208.81
972.45
618.27
765.61
902.54
303.39
896.65
961.28
340.45
212.8
819.23
899.9
817.85
467.07
641.33
202.38
310.82
476.56
769.51
179.82
934.53
126.81
971.74
313.02
836.15
835.42
958.02
522.7
728.22
362.54
848.74
197.86
894.48
632.49
155.66
946.25
384.09
161.26
332.88
124.55
352.89
738.23
988.68
667.59
867.75
839.24
742.53
445.56
326.36
240.27
591.72
283.55
765.19
388.12
620.76
591.26
664.5
239.63
330.38
719.1
291.62
703.67
967.57
449.83
964.53
652.23
949.01
573.08
776.76
713.61
275.51
565.6
622.24
516.81
693.31
917.29
814.67
830.21
228.96
732.13
664.02
943.57
102.29
255.01
977.1
434.84
734.36
631.99
457.79
494.32
605.38
985.7
579.51
810.41
372.81
739.85
643.57
768.35
890.68
171.75
969.39
648.56
333.56
517.46
187.07
307.78
853.16
739.31
878.81
245.97
197.25
441.05
545.68
739.03
368.19
762.81
625.21
359.5
808.19
166.24
632.39
268.83
138.3
530.03
567.34
650.67
437.34
935.62
804.95
238.41
104.28
963.57
469.56
194.35
259.76
729.45
258.77
435.39
708.49
416.71
687.52
952.58
812.85
664.77
662.44
378.31
675.73
683.55
627.74
541.16
775.61
283.82
741.38
979.66
132.27
326.63
986.2
174.13
835.2
622.29
162.52
666.05
106.87
863.53
371.83
930.63
906.97
222.77
462.27
237.1
781.27
185.73
166.28
204.38
872.02
322.12
390.39
501.12
596.09
471.46
951.46
406.22
527.87
875.07
318.99
256.41
851.81
384.04
901.85
839.08
435.26
399.26
191.13
885.25
497.83
407.62
258.73
303.1
885.62
217.44
598.57
661.61
567.83
551.63
457.34
272.27
838.09
906.26
606.98
326.25
920.13
281.36
253.67
662.65
847.47
614.47
198.62
980.08
240.41
408.93
988.47
812.15
779.42
168.11
865.75
459.67
109.63
809.4
936.34
142.78
508.29
910.45
398.89
372.35
800.26
496.65
997.27
869.54
871.85
735.58
275.15
717.63
620.14
534.03
609.26
374.43
277.84
920.06
429.82
195.12
977.81
559.2
707.58
404.93
233.87
398.86
849.29
346.23
920.1
373.66
906.38
260.92
498.86
215.84
233.5
569.75
428.17
583.22
294.56
379.1
389.34
907.57
172.72
474.22
868.13
614.34
329.88
996.5
197.43
223.13
115.28
494.8
872.0
353.83
356.71
817.53
169.7
115.6
696.47
179.27
574.08
230.13
640.95
865.33
507.28
345.71
660.38
729.45
151.17
315.64
438.62
554.72
345.97
691.73
329.65
913.41
416.21
299.19
170.52
213.79
293.78
893.53
474.52
498.28
962.78
968.98
788.36
315.94
394.29
554.09
332.04
412.03
291.09
316.82
773.77
642.43
500.54
524.03
651.47
715.51
120.55
858.18
515.92
407.44
961.73
780.22
415.05
122.03
493.05
495.33
436.95
187.89
618.49
328.99
784.93
575.16
363.22
842.63
502.44
175.87
351.61
147.36
486.21
916.96
945.38
686.15
238.73
315.45
282.73
435.12
673.73
119.98
540.02
482.62
694.49
843.02
456.77
641.88
344.49
508.48
670.89
147.01
562.04
551.49
265.01
323.64
840.92
414.05
273.04
355.87
568.55
458.52
415.61
390.01
294.72
553.59
639.31
180.09
630.94
376.57
979.76
943.27
217.99
725.93
410.35
200.0
887.2
916.58
807.26
672.33
979.24
599.54
707.65
686.78
872.43
869.55
373.53
286.85
590.74
630.15
417.52
873.75
862.98
717.44
581.24
725.09
275.48
826.1
214.39
912.24
662.36
349.29
271.24
639.18
517.04
726.29
187.96
886.89
485.67
495.38
763.94
645.07
499.99
363.18
518.82
128.14
330.06
842.39
208.01
177.3
862.49
436.03
576.37
628.15
745.37
386.48
792.27
100.53
861.86
378.59
662.16
372.99
773.65
438.28
641.51
388.35
848.4
798.47
280.85
779.97
947.25
313.2
271.25
937.03
965.68
216.67
797.21
936.11
336.82
801.81
367.29
807.73
557.06
524.74
212.12
686.57
729.68
361.27
140.43
181.4
333.26
995.97
768.7
905.5
773.99
220.12
446.94
954.01
865.57
991.28
837.08
739.12
786.17
922.58
485.87
130.01
380.91
111.94
345.14
630.32
347.41
323.03
185.14
422.02
563.89
631.26
947.75
163.3
329.39
169.12
936.21
668.11
690.22
831.49
102.24
912.13
398.8
665.15
463.12
770.37
371.41
349.58
324.52
751.53
509.94
239.63
419.45
610.61
434.82
632.66
857.85
675.51
820.37
372.72
881.7
945.74
576.29
120.7
177.25
780.82
879.8
751.22
556.59
585.66
203.99
637.99
998.96
284.79
648.78
864.74
684.43
415.21
313.72
758.68
933.83
889.09
460.23
769.52
829.44
437.47
779.25
446.93
280.25
100.37
751.38
776.53
138.45
155.76
386.53
287.28
757.82
270.77
625.86
595.25
413.58
868.41
493.21
560.29
698.89
463.61
267.15
956.65
775.84
590.39
545.94
654.9
365.28
165.43
589.98
909.05
188.87
982.0
435.92
997.53
791.76
344.7
291.39
898.58
980.62
823.76
625.32
588.46
803.27
839.53
850.06
359.31
843.6
957.24
616.45
108.39
269.41
685.28
482.13
925.05
676.88
728.81
236.16
571.78
738.64
924.09
910.71
337.25
551.09
980.02
180.98
163.58
263.28
757.59
392.25
736.14
843.73
826.73
135.86
718.93
817.6
731.74
876.76
835.09
651.76
878.51
589.54
197.25
356.28
938.4
402.41
523.83
884.91
716.17
810.86
522.73
556.54
169.31
279.41
242.32
582.95
573.13
164.93
670.71
191.33
446.8
123.81
527.04
230.19
945.46
425.43
845.45
497.58
394.09
855.11
346.96
563.0
674.75
993.63
732.65
146.18
509.88
956.02
868.37
431.65
215.45
342.05
780.59
262.2
901.77
338.78
719.77
723.69
317.8
566.34
664.91
341.98
578.31
664.13
960.7
355.32
256.25
555.86
636.48
537.95
920.65
281.37
557.02
523.79
278.11
508.79
506.82
437.46
795.15
986.76
971.27
296.09
434.4
953.53
174.64
180.51
158.27
963.0
554.42
489.36
188.46
894.83
992.67
718.34
920.12
610.59
379.61
261.25
373.11
234.81
431.22
142.59
136.61
906.73
862.45
832.48
416.35
505.05
588.12
807.8
372.91
560.59
593.77
856.07
414.04
102.94
463.12
894.57
257.21
663.07
219.05
343.72
661.62
192.26
508.24
627.52
448.9
779.71
860.84
350.98
783.95
779.36
635.74
631.56
610.41
765.05
721.01
343.65
684.35
739.16
515.62
905.54
382.73
595.72
611.15
642.42
265.44
700.73
204.41
579.44
505.53
725.09
871.13
984.99
306.47
918.1
524.42
553.41
136.68
872.68
305.4
349.46
374.37
310.37
359.8
359.06
579.07
423.55
780.05
938.56
937.74
437.33
713.81
758.55
751.51
458.89
273.03
781.32
689.98
415.87
699.2
160.39
804.54
907.68
972.39
202.6
721.4
802.76
227.0
648.44
270.36
296.17
125.24
352.67
863.7
627.35
816.56
972.46
236.19
861.72
905.45
683.57
400.08
257.84
494.77
434.83
334.19
706.24
671.0
332.28
255.17
548.64
739.1
698.26
676.17
906.35
781.19
497.52
770.43
697.63
406.65
250.39
439.31
745.51
774.93
373.31
586.86
167.28
637.61
503.65
790.29
874.0
147.26
967.66
254.28
966.54
985.8
299.49
362.2
230.59
918.41
780.23
968.63
825.4
423.41
795.87
420.26
396.24
482.91
729.47
384.42
603.61
610.23
814.23
522.65
478.03
599.38
514.29
757.63
196.53
259.8
134.54
471.32
862.91
639.14
672.03
941.03
838.48
363.43
299.71
583.28
306.06
636.03
171.25
451.36
749.02
329.16
234.15
772.91
274.01
910.34
651.15
899.11
578.54
539.58
331.83
152.22
957.13
296.84
172.9
938.32
582.73
622.44
926.18
758.13
333.01
354.56
690.07
711.75
302.5
324.49
557.59
153.46
823.35
691.21
235.7
621.09
632.37
179.98
486.4
811.94
509.03
753.58
309.93
997.42
700.8
601.94
109.95
419.89
101.87
494.68
259.17
319.74
374.87
229.92
354.81
552.91
220.75
603.81
953.27
748.37
957.78
197.75
694.1
316.59
940.43
545.76
749.17
797.72
219.17
190.35
828.77
836.28
490.21
122.12
121.78
820.12
724.96
435.88
709.22
826.31
106.42
770.25
979.27
881.4
894.79
495.53
645.27
202.57
812.49
693.26
464.26
144.55
261.07
461.14
927.84
523.91
878.34
268.31
327.68
312.58
358.44
814.85
431.39
387.71
712.42
501.52
890.04
725.49
848.14
484.18
454.9
506.54
987.9
948.7
609.99
543.65
164.95
871.26
648.39
470.41
250.67
523.21
737.11
341.56
338.57
559.69
545.86
106.29
156.46
436.37
737.58
443.23
114.24
318.89
275.48
787.07
304.81
981.9
359.41
261.95
117.05
541.82
563.64
802.18
701.17
588.08
147.68
933.55
322.86
310.85
256.04
628.49
688.76
383.91
331.08
109.86
633.84
739.83
207.65
316.65
775.7
738.36
222.93
988.16
744.27
743.28
388.56
968.9
497.17
672.51
983.36
850.45
258.06
216.9
288.22
207.44
895.85
588.06
528.2
431.62
546.52
492.93
752.08
473.65
879.36
860.53
880.45
774.12
254.98
478.95
855.61
420.39
614.58
289.99
841.39
399.9
425.15
834.81
180.09
106.09
481.81
499.94
201.35
452.75
791.53
894.14
928.99
814.61
166.56
428.67
502.85
125.28
801.79
350.21
801.19
707.39
339.86
407.58
504.49
275.29
110.38
479.06
304.95
328.85
807.5
767.5
469.4
122.28
786.4
336.6
190.28
776.53
913.99
330.1
589.96
897.97
567.23
413.66
240.33
124.85
901.71
829.73
263.32
680.3
272.88
771.69
438.43
725.85
580.44
174.01
611.76
688.12
141.62
132.97
342.6
748.97
978.38
501.72
872.22
738.72
345.42
500.87
859.82
533.83
555.06
748.92
233.19
513.49
567.58
610.27
722.62
343.7
526.0
514.1
192.89
807.36
962.4
603.25
469.22
432.09
507.51
432.87
344.15
952.65
429.31
291.51
692.38
104.79
417.63
604.15
836.52
372.39
146.87
969.92
110.38
476.12
559.77
987.65
420.27
317.39
356.25
437.31
230.66
908.74
561.48
760.06
348.61
699.16
920.32
307.25
959.31
356.12
745.23
946.74
516.94
937.25
455.54
492.88
931.07
641.44
147.78
234.64
580.94
405.4
151.8
832.18
393.18
912.68
429.28
264.97
480.63
843.02
913.22
605.83
326.28
574.42
335.87
424.74
106.58
116.54
938.37
789.76
319.16
653.4
136.72
844.81
650.93
747.5
486.32
490.73
833.45
385.97
169.65
203.58
924.63
349.72
157.28
608.39
216.43
483.48
795.38
309.95
479.22
937.9
881.4
880.84
132.95
974.52
603.77
234.87
986.21
210.54
985.42
127.76
170.28
525.11
647.21
626.23
834.69
197.32
752.27
388.44
958.15
662.61
720.36
218.97
921.77
360.28
287.5
478.05
802.96
390.11
523.39
643.33
322.12
206.59
465.37
740.76
709.71
290.69
691.13
851.78
732.41
264.52
138.08
986.13
737.88
345.77
766.58
621.65
666.43
422.69
700.71
443.77
445.47
391.63
762.2
873.36
362.07
167.17
326.73
779.64
420.09
109.51
858.35
490.44
160.66
771.75
556.48
862.04
850.52
840.46
893.03
445.29
827.22
545.08
686.03
295.2
662.12
166.32
873.66
260.36
611.88
857.08
843.68
869.08
482.44
163.19
985.73
374.45
877.24
468.45
496.54
587.08
590.35
801.09
628.02
250.52
578.44
184.74
867.63
258.17
427.59
630.72
407.34
904.17
812.57
399.1
485.66
763.53
559.21
672.02
402.54
611.78
632.41
908.8
415.91
819.61
292.42
361.14
308.71
935.02
185.76
358.56
521.15
738.48
694.65
209.31
451.06
747.36
228.62
209.66
840.64
100.3
171.52
268.72
850.76
413.24
486.07
586.2
901.17
136.42
273.84
461.37
677.23
219.57
491.13
611.39
158.39
398.24
154.69
918.77
110.01
243.25
651.39
306.8
616.62
406.8
990.44
611.05
417.39
262.23
532.39
795.24
743.66
734.1
564.11
940.24
459.3
591.73
958.9
810.19
525.89
815.04
793.18
363.98
459.53
780.75
436.16
415.2
582.72
168.48
335.06
987.12
323.61
825.24
105.22
376.35
563.46
381.37
948.18
961.23
367.56
223.43
927.39
814.51
566.53
152.74
108.78
719.13
715.91
518.98
399.56
347.95
433.63
476.0
650.42
472.41
403.87
302.2
693.93
942.1
265.51
794.06
680.96
308.3
221.86
851.74
233.49
206.76
181.24
832.13
440.44
101.04
352.41
566.52
526.87
232.44
862.83
725.85
345.95
386.42
329.1
119.31
648.23
346.36
694.15
853.31
388.1
356.99
428.51
527.67
142.17
450.31
381.2
199.85
849.66
725.87
538.86
165.94
754.01
441.2
892.63
681.6
315.56
776.07
631.91
418.6
814.99
396.48
229.1
139.05
651.33
345.91
241.92
142.93
795.29
350.96
872.17
903.02
835.5
301.59
947.91
660.06
861.07
916.28
386.0
437.3
906.25
360.97
189.21
134.23
600.0
375.99
950.83
109.41
457.62
740.01
646.01
849.06
684.34
884.36
970.15
875.09
641.79
458.43
576.88
297.88
328.97
567.01
493.98
448.82
176.59
981.93
398.56
531.49
413.47
599.44
801.41
943.37
642.32
942.92
429.59
525.24
403.83
968.0
215.65
302.26
790.31
314.27
158.87
431.31
517.39
508.8
309.38
412.65
358.34
257.61
555.72
304.9
272.58
935.4
896.96
441.44
576.03
187.44
117.19
561.36
949.6
170.58
508.93
813.19
109.48
627.33
335.45
778.01
839.83
893.69
801.92
178.44
690.85
603.0
370.76
280.65
524.68
479.7
465.81
956.86
307.23
869.38
230.5
720.24
498.41
454.27
529.25
219.68
297.92
470.25
272.74
859.9
721.09
665.73
724.89
246.17
109.35
171.51
894.48
538.33
975.18
391.29
446.25
683.3
861.44
484.41
534.48
419.69
314.13
914.61
913.48
492.37
225.05
882.61
517.4
771.66
474.76
172.35
770.61
195.18
942.63
252.2
407.59
103.16
297.47
684.32
182.57
202.22
154.48
112.19
562.94
302.73
776.69
710.02
553.97
934.43
972.02
376.46
796.5
723.79
268.13
805.26
131.77
705.2
914.13
685.39
726.96
692.41
469.28
199.51
439.72
379.88
830.32
890.73
971.42
399.25
903.59
911.92
118.38
591.93
185.77
171.71
498.2
734.23
261.03
388.99
534.86
589.53
210.97
255.82
112.18
389.09
988.05
267.33
778.81
682.87
873.17
822.5
155.61
396.43
849.39
680.67
868.71
128.95
854.16
455.94
808.21
624.14
419.81
572.55
122.96
941.04
885.67
683.24
681.62
761.81
495.03
318.43
683.4
984.49
880.5
817.41
248.03
380.0
352.22
607.34
909.8
658.08
625.16
484.0
258.13
338.25
983.08
916.24
686.2
717.33
302.99
120.76
122.1
116.03
282.63
982.03
618.91
298.01
182.18
115.52
111.9
221.77
402.3
240.1
305.51
662.01
215.42
222.16
794.18
352.25
665.54
356.16
726.44
108.95
343.07
876.97
363.08
672.26
289.77
196.05
481.57
511.55
131.54
574.79
480.46
422.83
781.82
898.56
466.43
373.84
792.77
781.9
560.38
651.85
407.02
751.57
619.84
872.17
369.86
159.95
878.21
626.7
820.71
771.04
793.5
424.22
877.38
654.7
466.11
250.88
185.79
307.06
387.85
397.38
657.88
962.96
606.6
697.36
109.35
725.74
580.36
799.09
414.21
678.91
559.92
802.45
490.3
841.65
881.2
575.84
550.95
734.56
566.74
972.12
939.76
547.36
718.22
195.1
912.97
656.38
123.29
109.2
860.08
802.68
654.95
463.81
318.64
534.82
915.57
666.63
139.67
285.79
176.25
877.86
861.28
932.36
486.96
384.12
155.02
329.23
409.28
449.76
404.97
754.56
871.77
440.85
834.75
362.66
339.29
816.27
180.28
167.7
992.34
523.55
468.13
793.97
900.65
433.31
824.59
215.98
898.81
472.02
446.57
113.61
161.67
451.34
203.31
693.88
995.97
359.81
777.24
625.48
656.15
798.65
535.65
845.05
242.99
713.09
575.55
277.87
305.73
952.15
672.23
546.73
550.37
863.16
669.19
299.44
943.57
863.46
802.04
737.87
704.88
390.92
978.6
740.46
247.31
828.09
483.98
154.72
893.34
302.77
478.53
185.03
569.4
583.88
838.84
957.24
896.12
701.56
460.6
943.87
305.36
384.15
607.71
430.69
610.32
205.03
320.31
118.55
486.56
315.83
833.06
329.84
272.32
744.51
274.46
854.08
576.39
229.15
730.21
996.53
376.55
599.08
591.06
954.4
987.78
155.21
443.32
825.94
476.37
558.06
609.08
110.89
134.2
906.48
455.95
499.24
602.23
775.57
901.93
175.12
667.94
103.27
590.39
833.52
529.97
431.48
869.35
722.91
922.46
586.77
377.62
722.98
538.47
101.02
216.4
962.12
680.26
129.56
776.23
780.38
142.46
989.43
256.31
555.85
739.86
539.06
412.95
529.4
667.11
956.25
891.83
989.33
823.65
529.06
419.03
918.11
928.57
370.89
806.4
413.23
149.69
524.75
908.11
580.01
832.3
856.58
816.78
368.1
918.8
176.33
554.0
175.01
444.34
896.67
830.8
992.37
604.02
567.69
248.42
536.09
915.25
405.68
867.93
373.13
820.69
271.64
966.22
205.46
172.4
615.25
798.71
739.08
464.61
741.98
283.32
394.63
359.54
303.39
138.34
291.96
587.01
646.2
400.96
649.28
397.41
827.25
112.07
794.14
908.76
620.89
672.93
982.88
230.01
185.4
556.08
750.33
581.76
535.96
488.7
513.75
888.11
162.09
689.67
183.02
858.0
335.68
818.28
387.24
669.87
557.67
959.39
524.76
560.33
551.11
325.02
946.04
407.81
235.69
287.11
746.47
911.74
632.65
959.68
301.55
896.4
790.58
292.28
183.0
480.37
476.27
540.29
748.43
305.53
329.01
398.76
244.99
496.53
638.77
344.88
222.58
756.24
178.08
871.56
652.61
303.9
108.27
859.29
119.94
777.85
579.91
720.64
280.57
756.92
329.65
630.51
967.39
635.96
243.79
317.86
466.76
846.05
817.22
451.97
627.63
418.43
541.04
384.54
949.77
435.08
384.95
659.57
297.6
200.8
500.03
843.24
429.97
354.22
360.82
642.34
342.11
579.35
559.65
135.36
389.57
838.07
289.45
774.28
168.04
539.2
479.85
684.67
104.07
209.93
462.98
925.38
551.3
874.2
577.95
986.8
169.93
881.23
330.18
296.89
573.28
475.89
994.64
941.16
750.87
321.37
309.68
496.28
388.64
297.12
284.85
337.22
368.31
199.12
378.04
955.59
852.56
655.01
960.31
943.95
183.16
142.35
399.66
578.58
996.83
124.22
729.18
812.54
335.99
789.61
880.03
183.74
691.51
525.11
793.3
234.27
695.84
110.49
129.71
488.21
411.74
488.5
288.84
994.68
472.71
547.4
421.87
891.92
248.82
937.19
272.2
887.13
484.12
638.8
311.97
835.36
298.83
806.65
692.22
907.56
989.0
820.71
255.39
833.55
191.62
828.81
929.1
223.58
136.06
828.6
414.92
710.35
836.22
946.54
566.15
857.23
919.12
793.25
432.52
923.82
478.31
910.26
444.61
536.43
131.86
195.02
934.54
509.77
756.26
526.19
752.45
570.59
229.08
383.62
670.7
240.93
947.24
154.53
607.1
883.01
757.56
230.75
195.11
735.41
467.88
187.97
212.86
698.28
122.71
359.78
946.13
326.53
865.0
123.36
280.17
144.61
757.0
609.96
790.24
832.29
749.41
196.9
511.83
129.96
816.72
437.86
516.53
901.9
990.99
643.43
447.87
884.7
859.09
292.98
508.21
952.26
984.82
921.84
537.55
246.82
901.12
284.52
641.62
449.56
861.65
429.8
439.24
862.54
752.82
997.54
207.36
218.07
708.36
546.89
903.32
517.11
142.66
527.85
323.46
819.1
826.86
876.61
197.94
606.44
278.38
979.25
234.4
685.06
745.02
280.65
624.27
209.22
147.76
354.91
170.2
495.45
710.19
931.58
334.87
527.98
719.81
383.51
378.34
432.72
849.86
425.21
790.87
231.92
377.32
361.48
305.25
241.73
455.56
831.87
693.23
992.32
383.92
373.59
317.45
543.14
211.23
822.58
480.56
137.57
554.64
485.96
273.98
372.31
702.21
997.56
642.95
331.17
129.14
392.0
315.91
480.31
504.28
351.8
247.49
936.15
952.43
751.24
934.59
610.57
766.31
496.61
695.7
861.96
735.25
816.36
650.56
409.91
821.49
906.09
310.72
249.1
106.73
319.87
262.4
281.15
249.24
384.88
251.87
963.72
163.14
111.69
928.51
443.74
772.63
386.88
112.25
134.08
929.43
144.61
499.72
336.01
679.15
438.7
826.55
292.53
584.29
980.91
578.08
957.03
144.1
891.42
451.16
996.26
729.81
330.05
791.35
250.54
574.4
765.68
250.19
151.99
855.7
269.62
783.49
523.58
274.61
873.17
434.59
336.01
907.52
988.97
397.74
976.21
197.83
812.8
625.9
319.4
457.24
387.06
706.0
479.57
485.0
699.52
412.69
174.42
543.49
878.36
314.98
342.52
921.32
246.18
962.65
372.59
287.76
750.14
900.55
519.63
343.17
215.65
106.62
733.26
765.75
383.07
525.76
787.62
726.66
712.07
925.23
318.55
974.8
663.29
386.86
712.55
374.23
469.65
839.85
825.21
637.31
825.25
878.28
449.97
167.89
945.44
153.83
499.92
191.54
583.66
801.38
131.54
546.33
462.39
701.8
907.87
704.94
154.12
417.31
517.68
245.86
872.28
423.49
423.14
291.79
582.78
825.52
200.03
548.86
366.99
156.11
457.56
672.52
652.15
994.94
731.76
935.97
753.74
715.59
908.03
877.61
778.63
393.92
353.7
877.99
122.8
450.43
853.1
363.65
547.59
412.43
675.26
845.45
153.61
468.29
869.46
471.15
978.2
343.88
553.53
255.66
880.49
531.4
841.46
718.76
336.5
866.97
160.8
932.08
805.13
320.49
617.18
413.67
521.01
952.28
507.64
622.47
140.41
151.17
528.31
478.74
939.61
612.82
898.89
616.27
937.33
387.45
123.43
775.89
688.97
276.21
294.29
523.99
908.39
701.78
488.32
614.55
412.84
454.38
264.56
725.27
121.58
571.47
179.45
227.99
782.7
875.86
558.19
965.33
737.35
584.57
645.29
107.68
187.09
773.33
436.67
968.11
331.38
354.24
290.38
936.8
590.99
330.56
158.24
623.93
113.92
875.1
242.47
785.24
875.54
360.08
625.89
717.93
510.13
470.51
894.6
330.48
608.79
106.46
611.67
972.46
455.68
761.01
393.69
439.17
453.59
891.37
393.11
140.54
591.37
623.94
644.66
521.31
366.79
743.67
323.91
334.89
260.24
152.53
285.84
706.94
456.62
511.16
307.66
331.8
717.14
943.87
226.06
720.25
963.31
590.0
904.03
262.65
805.35
198.67
294.36
186.74
102.98
781.77
414.22
426.39
758.78
326.82
871.76
266.32
977.18
884.0
549.54
941.39
859.69
955.48
365.69
472.48
371.79
499.79
599.16
872.0
395.2
599.58
348.46
500.17
146.04
587.06
653.86
631.88
880.81
567.7
348.1
954.05
461.92
274.77
557.23
730.57
339.86
309.53
175.8
600.36
437.41
815.58
243.66
649.62
234.88
278.08
201.86
680.06
757.52
491.15
841.95
820.75
878.25
679.03
502.96
473.98
815.74
364.95
319.04
997.18
940.68
688.08
848.25
148.28
795.07
633.07
365.52
350.19
708.92
921.17
770.56
139.28
625.61
402.18
303.85
149.97
620.5
341.62
401.85
549.78
906.46
347.97
617.43
681.28
777.29
862.42
304.14
876.64
167.54
512.58
761.16
908.52
412.23
710.03
728.45
142.6
774.56
852.36
225.59
387.81
489.52
942.94
960.55
264.71
455.42
210.38
147.75
292.43
941.13
913.79
279.55
660.3
672.92
502.34
861.18
180.94
344.99
203.48
918.26
817.67
505.23
179.7
866.83
801.46
881.24
947.1
697.26
541.36
820.67
224.03
853.72
376.08
494.9
884.75
105.89
403.48
831.67
461.36
912.11
744.25
305.03
543.01
418.94
694.9
740.59
551.35
167.85
874.06
260.92
669.14
840.78
511.91
145.07
593.78
188.79
254.53
286.65
254.3
619.08
774.27
496.87
956.43
165.36
396.36
390.1
583.47
701.75
348.23
482.66
443.08
406.0
150.74
772.19
125.12
479.5
302.99
476.26
733.05
817.22
881.16
662.02
355.22
108.86
233.9
895.35
442.34
440.69
417.41
402.0
273.37
352.4
523.14
510.12
154.08
200.44
123.37
521.14
681.21
891.84
459.3
644.6
806.31
581.38
585.13
233.74
712.92
753.66
372.28
694.56
287.79
197.49
397.31
591.75
448.87
325.59
966.74
729.16
352.39
163.81
743.0
929.07
746.85
716.19
969.8
724.89
210.72
523.83
455.41
619.7
241.68
664.0
733.9
344.81
661.14
409.49
705.52
520.68
963.16
518.48
138.23
161.53
720.26
184.13
786.96
544.97
410.55
467.25
858.48
585.05
474.93
523.5
620.46
509.08
738.14
467.22
355.52
207.89
508.57
263.45
275.8
256.04
420.59
918.01
559.91
348.89
526.05
512.12
146.84
826.8
556.2
990.79
669.25
319.29
983.35
200.0
249.15
229.9
239.8
220.24
909.75
228.95
538.33
229.42
380.2
181.68
431.38
353.58
752.79
990.29
271.4
518.72
654.99
987.12
158.7
689.31
462.91
551.32
730.08
724.5
447.27
831.91
621.93
307.9
274.61
278.88
829.92
875.64
245.69
631.34
167.19
156.16
711.95
600.2
486.14
491.2
508.2
438.98
355.94
940.38
162.92
630.58
259.07
427.47
138.41
229.01
649.14
128.67
473.74
650.07
613.37
192.11
479.03
393.45
822.17
877.91
632.63
805.25
472.18
979.22
744.4
900.68
247.53
724.45
701.67
724.86
903.53
304.89
207.28
604.29
299.34
970.79
920.0
532.29
825.8
652.15
921.19
595.39
283.75
991.78
339.21
201.9
800.42
686.34
877.42
298.69
929.97
845.98
677.54
114.15
787.59
434.91
222.81
394.27
951.8
383.53
516.93
910.62
739.67
434.33
399.76
592.67
583.18
751.74
679.54
264.04
885.61
820.12
550.3
230.61
507.14
875.56
343.75
387.81
721.95
765.94
847.65
455.44
758.74
306.52
144.62
720.02
312.58
888.7
392.33
405.99
860.31
124.96
972.04
395.56
136.12
401.86
211.84
326.49
550.94
604.27
270.24
997.17
230.34
195.77
340.98
100.06
888.98
239.87
114.45
657.68
405.55
207.33
521.54
265.08
170.19
556.26
314.69
410.64
543.92
992.71
646.35
611.08
371.66
514.36
338.83
861.22
936.05
851.89
469.65
746.37
365.57
812.14
954.84
255.37
176.27
993.14
614.23
805.97
861.8
822.75
192.83
325.2
432.38
884.08
757.46
295.8
225.19
816.25
886.73
120.28
396.28
200.34
486.7
115.13
448.02
252.61
150.3
971.94
236.17
933.58
752.54
411.85
438.67
435.17
347.39
616.38
220.13
630.34
542.51
269.19
960.08
358.84
664.43
747.11
763.41
620.94
513.03
482.02
763.89
156.22
606.54
854.24
507.09
534.2
720.84
804.38
392.89
640.84
832.75
653.84
288.54
995.38
408.5
683.78
147.9
712.18
598.58
915.52
307.5
119.39
396.6
486.03
715.2
378.07
792.93
865.78
129.19
986.41
158.47
333.69
173.96
819.49
956.38
341.1
610.87
967.3
792.28
332.79
514.87
924.18
884.17
534.77
621.92
163.74
455.74
824.81
135.45
277.74
607.94
116.7
261.43
777.14
267.39
546.02
942.2
573.1
718.77
159.01
574.06
577.28
534.03
531.11
159.76
653.31
413.69
732.28
329.42
919.7
515.89
848.52
569.08
353.97
491.47
352.26
576.7
426.08
340.28
997.4
970.97
559.05
607.99
838.15
668.36
473.03
552.41
820.16
158.29
469.55
174.66
606.86
123.9
495.07
219.0
405.98
976.29
310.25
435.07
822.19
285.84
303.71
477.36
651.71
285.28
330.21
155.98
341.39
450.92
633.85
365.39
573.22
805.55
352.07
745.48
781.93
931.51
765.3
673.13
673.2
442.64
903.81
270.4
424.9
213.16
558.23
911.52
678.04
114.51
892.4
150.05
274.89
530.77
119.95
812.61
716.91
966.84
681.25
485.93
307.25
385.55
664.76
848.61
268.03
573.02
684.17
307.83
737.34
352.14
411.8
284.82
954.62
136.05
376.48
650.69
555.42
300.64
554.75
524.17
591.04
499.34
249.19
727.42
395.88
824.67
401.25
879.39
322.48
681.66
973.43
369.59
823.78
595.48
103.22
630.81
437.9
162.57
822.44
726.52
942.49
218.49
425.97
616.8
410.29
212.79
432.38
488.68
543.12
496.86
477.84
549.78
715.31
323.45
532.17
858.26
800.34
805.66
933.43
538.15
852.93
810.73
419.88
787.98
535.93
608.32
243.83
762.14
398.7
486.56
572.46
784.0
978.09
880.38
699.13
362.46
587.72
661.59
416.94
916.36
379.69
572.7
975.09
290.89
480.07
926.98
940.35
499.44
728.54
612.99
178.06
922.36
887.02
923.29
292.51
590.77
837.07
871.91
870.14
147.44
713.46
409.65
226.29
554.51
171.65
372.84
488.86
459.61
390.35
536.09
556.47
235.7
308.53
399.23
118.39
570.22
911.36
321.5
893.98
431.66
504.69
802.15
496.65
547.42
926.35
162.68
496.05
371.13
546.1
594.77
720.0
364.67
934.0
956.01
799.13
645.42
815.45
148.86
657.76
503.33
392.63
713.35
436.22
904.57
195.09
336.96
525.2
224.54
205.16
708.3
335.94
219.58
731.46
871.31
650.44
660.53
353.93
918.62
805.35
824.91
584.47
306.59
524.44
445.94
660.33
226.83
280.85
596.39
224.36
245.35
587.68
500.79
839.21
983.0
599.87
678.84
481.44
644.86
437.63
882.85
558.25
318.42
476.21
859.51
128.21
992.8
773.95
552.64
351.96
325.37
410.43
752.7
666.86
548.62
442.05
477.89
228.58
438.54
720.3
115.75
949.01
115.95
501.78
363.57
581.94
335.44
642.45
138.04
907.22
927.82
883.12
726.95
223.1
661.82
618.88
817.26
514.88
806.78
377.3
127.83
239.72
992.48
393.68
221.85
248.57
957.02
826.91
492.23
147.2
820.2
102.83
774.1
481.38
422.75
114.32
694.32
886.18
504.49
887.7
266.47
392.43
485.56
267.08
989.52
563.29
100.54
672.22
233.52
417.35
834.29
405.05
339.92
874.14
336.46
953.38
130.11
160.89
993.45
654.07
598.56
813.24
366.51
881.45
351.97
875.99
546.85
907.95
964.9
819.02
229.39
513.37
920.03
498.27
288.04
519.48
219.33
168.95
629.5
108.78
464.28
384.5
816.84
424.73
495.86
672.62
251.04
529.74
274.87
460.13
826.18
948.0
955.85
818.35
137.32
483.17
428.97
438.61
516.6
709.85
104.78
631.76
150.28
773.12
939.41
700.06
796.36
981.47
922.46
359.48
649.73
532.57
566.79
481.59
115.27
397.98
125.67
896.58
808.98
151.23
676.18
891.15
666.53
691.56
534.56
449.23
400.58
178.9
375.08
288.89
484.94
435.55
376.65
992.04
305.93
449.73
839.09
427.89
144.21
605.71
408.13
815.85
398.09
398.4
559.88
663.75
215.0
157.41
786.77
324.88
941.04
828.82
578.67
171.01
332.44
116.82
624.62
604.17
752.65
423.24
913.62
886.57
718.91
553.26
933.82
554.03
102.76
900.38
179.93
428.66
430.47
870.09
640.28
592.19
989.09
897.78
678.97
488.43
305.85
892.48
733.43
917.72
467.26
958.74
167.86
359.48
948.9
794.78
259.82
416.95
298.5
667.79
721.6
642.43
458.64
157.1
398.24
933.2
761.84
635.58
627.51
455.29
117.68
284.3
379.94
112.67
417.76
385.87
468.27
472.44
800.85
570.86
906.67
607.69
390.61
503.54
713.68
235.24
736.8
966.78
755.11
718.56
849.36
110.96
602.38
446.16
263.33
450.99
139.92
723.81
188.41
437.86
184.6
993.93
310.65
591.24
118.06
361.59
469.73
117.38
892.57
680.48
131.32
502.7
210.03
480.23
794.03
285.0
846.82
537.38
661.29
978.77
255.76
755.1
923.75
548.22
307.05
797.61
511.02
131.36
912.64
227.95
768.83
256.66
508.03
568.21
344.44
611.52
989.29
385.97
650.01
945.24
232.17
892.75
927.97
664.94
140.44
340.58
304.63
561.36
283.47
940.42
971.57
171.46
836.6
481.79
566.08
504.87
422.89
554.36
626.8
382.98
305.7
433.04
267.85
666.32
595.07
761.79
675.54
660.19
305.95
475.31
193.28
816.53
924.52
696.15
554.49
384.01
587.73
793.19
547.73
627.87
170.71
296.7
596.25
887.15
353.15
555.14
394.1
202.15
361.82
713.74
433.65
504.51
572.03
639.66
654.78
720.1
899.75
679.04
608.29
915.02
499.12
577.91
173.32
669.41
625.73
935.31
163.18
316.6
782.31
806.17
704.21
311.66
929.85
599.54
857.68
842.88
696.69
556.87
692.92
211.04
774.35
936.79
649.44
680.73
768.36
698.12
225.34
852.47
811.19
313.89
598.37
194.97
321.74
433.73
543.15
802.99
947.66
780.36
385.41
390.86
184.97
592.63
442.58
606.54
476.86
694.15
782.21
476.47
544.39
707.43
277.28
666.38
197.42
374.54
497.86
544.81
449.06
882.97
344.79
825.16
753.11
286.8
353.6
744.17
611.86
644.6
874.03
239.97
262.55
990.2
378.03
651.19
353.74
213.11
832.15
778.44
362.37
184.46
790.98
348.04
785.7
321.75
989.73
223.66
400.37
300.44
660.81
804.53
212.8
588.66
937.22
455.03
749.2
741.88
365.52
900.07
820.35
518.04
287.06
204.52
873.27
612.29
567.21
474.01
108.46
262.61
157.88
901.41
942.14
473.73
660.39
633.02
975.24
979.91
219.53
941.41
653.39
422.63
809.04
134.35
829.86
887.13
176.93
340.16
983.91
947.94
655.42
961.02
174.65
470.47
865.18
144.47
396.73
231.79
630.25
987.7
542.75
844.52
158.9
478.51
968.47
966.3
322.65
245.1
341.12
939.89
207.71
334.61
382.47
503.04
804.02
563.96
813.99
529.18
841.85
417.36
642.2
436.07
471.06
261.45
871.89
413.7
945.57
687.86
195.44
903.06
860.97
635.92
340.34
863.42
358.2
916.34
887.53
167.41
407.26
983.09
820.48
310.02
477.79
908.13
113.09
234.61
737.45
448.47
681.47
473.34
549.41
695.58
760.59
202.43
625.94
977.79
961.56
177.47
571.55
281.1
990.47
338.4
913.57
461.84
927.51
175.41
573.95
637.08
471.55
362.77
840.78
183.94
851.69
895.98
840.47
676.41
468.52
523.36
320.09
337.55
570.76
147.9
100.53
701.21
966.25
736.06
174.75
201.12
155.5
633.01
775.33
511.78
145.18
945.91
801.53
257.38
874.57
930.37
368.68
602.75
105.34
414.43
281.04
943.0
757.27
324.99
766.58
211.04
157.62
471.36
841.87
932.07
370.1
355.25
496.62
451.34
723.36
525.23
319.23
349.4
601.0
167.74
257.13
270.63
277.09
137.34
573.51
664.78
363.88
943.92
372.19
546.87
678.72
673.4
939.54
141.66
174.25
161.41
193.07
434.1
590.63
790.96
871.78
633.12
579.35
502.62
292.62
293.98
420.21
206.64
662.13
321.78
967.95
397.89
781.56
336.26
304.64
493.61
581.8
970.75
253.08
123.99
175.26
870.11
161.92
943.85
263.81
919.64
411.65
916.33
509.64
431.32
109.33
458.76
508.21
937.8
565.09
860.8
503.53
663.22
645.48
210.46
629.23
740.28
474.37
264.49
247.94
477.36
958.53
516.18
315.27
535.56
768.42
864.8
211.0
517.8
146.73
378.65
512.75
265.87
216.61
814.53
292.6
781.11
225.23
248.37
273.52
829.01
180.06
292.61
649.39
498.28
892.94
361.7
141.99
735.38
465.29
573.05
270.91
940.56
801.09
322.37
426.41
211.38
975.69
220.28
463.93
287.84
533.34
645.25
330.05
623.62
701.42
309.06
981.33
445.25
609.09
959.73
376.81
101.77
320.88
188.72
178.28
916.1
677.97
254.17
446.72
434.81
203.94
336.95
116.65
932.72
507.18
573.17
847.99
606.44
523.97
748.78
574.95
395.97
784.89
182.01
621.48
245.36
558.65
261.64
571.29
413.57
716.98
387.27
194.01
642.29
467.67
754.86
672.71
114.22
629.55
117.11
916.6
614.71
620.26
425.11
145.15
374.91
366.04
256.47
977.27
331.78
557.32
313.06
858.59
193.27
974.91
248.86
331.92
497.67
380.91
177.64
811.84
147.78
357.88
111.86
145.44
437.72
604.83
102.22
501.34
413.29
977.56
975.61
634.16
739.13
136.33
586.45
907.62
881.16
740.51
787.7
946.52
632.9
256.66
712.69
317.35
899.82
287.1
874.81
687.3
686.5
292.24
520.77
569.54
989.19
727.93
770.82
990.8
488.68
664.87
597.84
488.05
386.2
416.67
177.31
947.31
325.55
859.67
414.09
393.89
136.42
544.96
288.64
432.92
791.39
943.31
154.42
742.52
902.23
865.78
833.32
797.96
546.22
143.71
279.19
817.7
451.52
526.92
724.92
463.89
337.29
358.01
930.2
510.31
770.73
714.22
412.07
462.26
551.33
565.99
634.26
289.49
496.92
769.74
348.2
489.07
791.77
687.49
621.63
186.85
707.4
770.21
205.03
260.72
904.34
513.25
818.04
157.45
904.88
632.7
303.03
721.94
569.73
308.59
991.55
128.06
393.46
859.35
893.43
261.67
959.75
187.39
418.2
814.05
229.45
412.07
463.17
555.35
438.57
327.81
510.17
504.8
681.9
202.49
133.6
793.93
667.15
736.65
678.22
154.06
225.3
925.81
565.44
417.66
776.14
300.49
969.99
726.86
310.84
778.41
558.63
349.42
224.78
246.51
567.12
486.49
923.62
404.18
619.44
867.73
791.25
688.8
892.67
685.47
846.41
705.93
287.43
646.63
768.48
720.34
484.47
123.16
624.19
831.36
895.62
641.46
539.55
297.74
274.26
831.92
124.49
493.22
358.84
461.35
994.78
160.0
760.74
753.16
150.77
279.58
355.12
255.78
447.6
824.83
982.84
607.63
504.21
633.6
377.94
598.78
373.53
546.54
492.14
599.05
610.74
645.91
468.89
418.54
454.69
571.98
144.71
675.96
682.88
292.31
910.76
700.9
857.52
484.97
958.76
328.61
579.31
580.4
372.48
528.72
954.29
117.18
765.43
240.06
584.23
729.64
564.31
845.59
817.5
122.18
314.29
759.36
734.15
559.59
142.98
262.37
386.56
564.49
753.75
325.34
680.35
677.94
434.32
868.24
304.96
795.29
311.66
785.5
504.49
394.04
849.33
437.84
804.28
545.73
158.07
371.85
299.05
219.8
114.79
624.83
549.04
719.29
426.24
126.59
871.7
772.48
854.04
487.03
331.44
938.33
172.26
592.71
205.81
371.38
940.33
893.01
555.07
172.22
561.3
913.91
870.71
155.89
333.52
538.88
149.26
439.14
608.95
336.97
784.21
954.55
339.1
562.68
743.71
247.76
568.77
613.3
851.14
622.41
894.09
744.46
223.12
781.76
543.86
601.26
535.9
621.67
473.2
481.42
875.89
282.55
429.86
431.49
102.88
182.44
518.66
989.77
606.17
321.88
136.06
354.23
953.15
372.74
859.23
644.86
185.96
918.05
499.74
131.88
897.69
655.41
181.91
463.15
483.5
295.45
658.89
867.95
693.85
274.91
978.65
655.56
240.88
862.59
943.91
846.03
984.12
579.01
151.79
917.95
707.76
993.9
991.01
699.06
193.53
902.5
176.27
472.5
481.46
247.78
389.78
749.44
234.96
708.09
279.05
228.18
934.08
321.62
104.89
655.93
565.24
606.37
965.68
361.03
604.22
830.59
286.53
651.95
374.61
951.94
139.76
273.88
761.36
180.18
690.86
408.66
683.79
676.73
731.04
938.61
252.24
151.48
377.12
142.74
435.95
979.52
296.95
437.98
132.99
743.96
475.76
574.41
939.98
346.95
663.2
319.93
938.27
987.7
429.89
940.85
256.62
137.12
455.81
381.1
280.14
382.06
298.23
407.33
736.65
305.33
618.92
861.18
556.87
187.95
322.22
212.29
356.41
749.12
725.19
507.38
141.99
615.47
952.48
503.18
593.73
595.04
514.82
951.32
162.6
481.08
941.64
190.47
932.46
601.35
502.88
924.39
970.41
228.3
306.75
154.92
406.82
588.15
412.75
684.5
123.82
128.69
500.08
380.07
473.41
673.24
610.04
141.6
169.27
120.01
775.67
945.89
852.62
504.06
792.03
619.79
167.83
170.39
781.99
565.34
680.63
445.02
347.9
296.3
551.96
519.06
590.22
525.6
765.07
176.41
905.12
275.77
469.88
340.06
109.19
158.15
100.96
549.7
221.14
677.22
612.19
889.92
315.51
357.51
732.67
810.64
847.61
924.22
864.3
109.33
551.81
700.63
921.86
518.97
362.57
168.42
279.82
194.46
508.92
225.63
853.17
231.4
648.85
371.22
364.52
270.49
481.16
805.63
580.76
538.0
296.45
384.73
856.63
168.09
683.08
814.67
584.07
402.33
307.28
719.02
684.1
248.01
396.29
831.48
146.05
900.37
651.17
283.3
936.41
404.74
675.15
522.03
222.6
410.87
233.83
742.3
946.42
152.95
280.47
495.82
613.62
477.39
704.44
990.6
213.3
246.01
533.42
679.42
779.92
549.15
893.87
988.75
903.61
436.88
986.29
617.35
812.95
833.95
116.57
997.38
821.2
690.72
727.16
428.54
599.03
430.3
365.28
472.31
459.98
829.61
493.3
227.93
785.07
736.71
921.85
696.43
101.79
210.07
947.82
698.01
484.04
896.02
175.31
841.19
291.68
123.51
853.47
865.46
107.01
711.92
955.82
887.25
607.97
854.46
825.27
569.47
914.7
259.88
278.12
444.97
880.68
193.52
377.52
543.75
979.74
563.3
981.28
186.59
431.71
221.04
255.11
886.31
405.89
504.33
537.7
123.58
980.61
653.07
939.39
219.47
654.49
804.52
762.26
466.64
829.09
914.76
716.93
775.71
269.54
637.74
702.62
282.49
738.35
207.81
777.8
450.19
112.87
388.27
792.98
447.56
560.85
511.75
155.86
526.44
501.64
764.54
316.91
122.23
840.35
745.9
118.45
270.95
824.23
390.66
375.95
637.21
899.08
699.81
125.51
462.84
983.01
674.97
635.44
708.05
757.75
133.13
872.21
266.77
512.26
312.51
121.03
243.51
530.54
748.49
456.41
479.21
859.12
651.16
696.95
639.78
341.17
951.27
370.82
288.46
914.83
504.04
772.68
548.35
300.82
444.62
416.19
490.61
464.41
108.35
278.0
725.37
544.05
320.36
791.3
308.67
898.25
983.81
604.05
479.1
901.79
675.88
155.45
591.58
862.41
777.09
808.94
343.92
904.98
781.88
426.56
815.31
477.43
295.71
648.08
826.26
789.59
819.34
970.88
797.5
952.46
486.16
371.86
403.41
422.06
441.45
527.35
174.47
602.09
630.44
410.56
332.29
985.62
812.36
823.26
733.89
167.26
365.49
750.18
804.57
254.07
637.52
771.54
848.61
200.81
793.85
615.38
960.85
142.7
756.36
951.32
837.5
312.3
486.65
965.44
615.3
510.96
453.21
539.02
172.28
432.59
901.55
875.35
263.21
711.54
911.43
277.22
396.47
601.91
349.43
704.58
795.34
439.76
864.21
993.2
283.46
709.76
202.13
733.77
146.03
432.92
774.1
687.33
459.53
244.49
826.12
611.87
291.61
867.52
756.94
706.5
484.76
764.89
214.66
305.02
702.67
491.46
364.97
108.45
280.63
787.46
143.39
656.22
452.56
457.64
421.57
946.36
968.07
533.83
826.07
562.76
841.6
966.02
390.91
628.35
360.78
749.04
322.92
859.12
943.09
242.03
700.87
140.85
121.39
177.67
534.35
862.64
175.62
909.95
493.55
283.94
692.01
819.83
517.27
512.53
867.87
911.33
221.26
656.58
959.17
901.71
218.85
967.35
694.87
919.4
444.01
995.07
782.93
302.63
579.44
135.07
745.7
623.09
356.13
607.77
908.87
309.78
500.47
375.51
843.36
271.82
977.1
688.16
996.24
337.92
422.34
320.4
771.5
175.01
182.48
858.04
825.38
884.03
666.76
323.19
331.06
830.16
267.05
295.35
827.7
867.87
317.06
290.16
972.64
308.7
699.09
942.22
173.59
248.52
598.25
282.0
990.98
547.12
931.05
727.29
342.43
312.28
573.13
508.82
942.65
336.83
378.3
392.86
779.67
726.41
631.53
263.94
661.87
601.29
823.67
413.88
380.79
850.63
107.99
928.33
793.22
800.43
500.59
351.47
379.4
641.56
233.14
937.8
888.08
433.55
828.84
871.23
890.29
958.46
103.05
848.55
860.6
946.75
722.05
266.83
664.16
629.6
312.8
252.42
829.18
701.32
242.05
471.13
402.12
989.53
689.7
342.1
347.79
907.46
608.52
605.21
583.87
275.09
121.72
568.11
297.12
899.33
531.31
422.81
930.83
690.46
821.93
785.52
725.81
823.98
427.18
578.7
355.96
857.65
468.35
451.51
707.98
144.16
120.34
888.03
250.71
638.32
458.07
515.39
314.93
673.42
135.88
314.39
825.89
745.31
604.11
333.15
106.51
215.1
951.59
971.57
425.13
700.87
490.58
845.65
482.16
878.18
128.24
804.97
445.55
978.53
286.85
216.81
639.24
530.25
262.33
236.24
457.08
800.78
608.38
710.23
269.5
641.67
111.6
103.1
142.99
201.2
885.89
938.68
586.99
379.57
446.88
795.04
648.02
522.39
680.91
573.04
950.93
262.4
778.39
156.03
924.56
839.46
932.04
259.23
738.48
378.33
505.55
720.19
459.01
971.55
178.78
434.86
229.52
926.25
642.82
675.86
526.38
388.88
108.09
466.83
432.59
494.38
695.47
313.75
284.46
211.66
807.08
991.19
261.85
326.42
263.54
451.93
584.72
915.65
269.66
353.61
910.93
213.11
924.91
959.96
814.5
272.2
588.61
802.27
552.79
328.65
665.48
768.31
698.64
266.29
162.75
378.58
739.31
545.13
987.11
344.31
845.79
144.87
299.71
152.81
735.89
953.76
418.43
358.87
201.17
299.03
411.14
222.48
620.85
469.8
161.66
736.09
484.85
455.75
881.63
374.91
826.6
227.23
952.12
187.45
882.61
990.28
412.33
613.13
677.77
858.63
353.21
729.78
482.67
116.41
711.37
918.65
504.89
464.47
590.0
974.72
671.9
828.71
794.37
117.66
683.04
981.58
675.55
291.93
612.79
976.42
468.61
346.96
955.49
755.5
420.06
466.03
154.01
193.94
848.43
792.65
713.32
981.7
406.7
956.66
741.59
114.35
533.73
778.03
575.62
363.54
966.88
506.7
417.58
594.87
376.52
408.12
709.44
117.5
227.83
262.74
380.87
512.96
195.08
902.75
177.0
178.16
750.89
420.38
325.77
616.3
110.22
308.77
538.28
974.9
473.19
762.41
670.88
161.53
642.69
820.07
925.97
621.12
574.71
668.65
874.08
846.28
894.37
978.37
452.87
930.2
669.12
939.12
714.99
692.32
769.7
528.02
739.15
943.66
258.26
646.41
648.54
689.37
821.52
430.73
156.37
375.87
936.52
783.3
959.81
626.21
935.04
438.43
607.06
776.46
425.42
245.06
234.16
591.41
355.6
452.66
892.73
817.25
156.55
604.88
556.08
323.65
286.91
230.96
794.75
921.22
484.02
874.38
392.88
159.32
859.0
452.9
419.88
464.42
979.75
252.03
184.84
584.17
808.49
114.52
550.14
960.1
535.6
258.93
394.24
804.79
464.51
571.15
334.72
906.84
595.99
763.7
348.65
615.02
113.77
618.79
538.72
336.83
253.49
688.0
717.32
885.21
742.87
966.33
441.41
105.93
567.26
400.6
640.37
568.19
973.93
994.65
762.38
405.59
395.26
309.43
250.99
543.93
714.12
511.35
542.71
405.48
419.65
926.7
439.22
118.79
644.87
608.09
162.46
564.99
815.25
338.27
404.37
684.19
644.25
908.45
343.08
483.53
255.78
995.55
435.29
818.04
594.18
185.58
910.88
307.71
120.9
943.81
345.46
145.62
215.47
703.84
735.37
524.66
517.59
346.24
914.24
178.34
181.78
858.3
884.2
761.35
995.14
917.03
405.65
223.2
639.97
148.6
513.01
164.18
820.19
130.26
828.47
929.4
211.12
533.97
168.55
322.7
174.95
483.53
236.63
544.86
810.2
598.38
983.57
830.15
920.82
378.84
758.97
858.18
997.73
891.21
440.45
974.38
559.33
866.52
152.41
631.42
732.19
942.71
746.91
408.8
515.73
661.6
218.0
395.02
997.12
310.0
754.45
149.93
310.21
176.56
469.35
266.66
104.26
946.37
426.47
290.38
227.05
232.44
394.88
519.37
179.87
655.66
219.56
727.01
303.53
634.86
724.53
273.45
889.1
678.15
388.45
453.69
491.72
991.87
803.46
138.19
854.85
583.54
832.66
236.26
389.86
963.42
879.25
650.2
556.42
323.35
433.25
556.07
495.72
542.31
708.53
925.54
722.52
823.29
218.24
586.73
425.51
211.55
360.6
881.7
998.42
498.14
180.06
590.13
238.24
486.13
197.24
637.0
359.52
369.34
292.86
325.36
780.63
872.54
295.52
202.63
606.46
373.14
213.9
771.86
658.56
437.73
923.34
567.53
648.99
587.35
809.28
957.31
255.63
579.22
723.16
850.5
831.95
144.94
231.62
827.64
379.02
914.5
567.46
575.81
414.32
131.46
479.66
663.09
263.53
325.12
606.87
625.05
655.05
225.29
811.17
496.2
982.79
238.03
145.48
843.35
933.76
331.6
486.58
665.39
650.67
691.46
988.93
988.99
108.96
181.64
576.77
404.77
257.97
575.73
419.26
980.24
987.43
923.82
453.91
864.8
542.27
127.77
742.57
810.86
271.29
685.03
794.59
305.81
423.72
851.66
940.87
262.42
546.4
396.35
860.31
863.01
343.74
572.02
448.77
411.84
804.94
198.66
296.51
735.78
554.18
509.47
310.57
410.13
554.43
903.01
886.14
771.33
588.01
702.56
634.28
943.33
809.48
850.45
788.33
605.87
489.62
503.71
918.94
869.43
251.0
929.65
208.54
468.43
143.97
121.54
505.17
838.01
286.31
239.33
813.23
808.74
951.82
845.28
340.4
317.35
376.88
777.86
905.09
450.29
991.93
821.13
392.84
769.43
433.61
897.01
688.69
689.52
617.44
439.59
659.19
900.7
281.23
746.55
718.95
580.23
438.21
447.93
361.15
934.04
220.31
227.46
714.69
835.01
151.46
376.71
894.19
950.56
703.97
529.2
524.57
842.05
975.18
580.03
715.17
830.92
841.94
504.07
143.18
967.41
486.73
715.39
662.87
196.27
135.19
534.92
931.23
611.82
846.0
398.06
600.06
817.79
365.51
454.23
928.93
308.77
238.13
485.51
387.31
721.99
462.98
685.86
281.18
783.33
922.1
354.39
551.44
949.09
152.98
217.1
366.22
486.51
475.68
109.89
365.94
123.6
446.35
385.09
472.38
638.88
106.27
760.29
646.37
158.35
538.51
955.84
954.74
913.21
271.19
840.02
588.22
744.81
695.12
798.74
517.23
251.96
836.12
160.03
366.86
850.53
386.46
519.83
954.17
849.93
657.48
755.59
382.9
666.56
865.15
242.83
442.95
564.74
275.26
934.89
862.94
138.73
503.61
550.97
116.01
836.38
468.69
302.44
377.99
235.77
642.85
984.29
509.1
151.74
864.01
821.68
499.57
714.85
290.91
823.82
989.53
261.92
462.75
394.37
211.14
191.12
419.4
108.24
614.39
275.44
563.85
936.22
808.58
280.73
156.36
672.21
109.32
518.49
196.39
635.75
520.42
561.41
746.37
417.53
419.37
403.76
191.69
268.35
316.78
478.71
120.74
876.03
826.08
975.14
868.16
117.83
736.56
867.27
903.55
799.14
925.08
641.11
407.08
473.0
693.58
645.5
735.39
160.28
412.0
806.74
697.6
474.48
553.76
271.33
729.33
796.01
330.86
377.32
470.58
784.01
121.34
943.8
983.48
826.4
667.41
454.21
861.84
113.04
199.64
669.59
325.5
312.85
176.12
796.31
866.79
598.71
136.91
759.47
755.3
415.82
253.49
401.37
344.93
244.4
956.36
781.61
541.03
395.36
204.52
607.69
414.58
771.14
229.85
493.49
576.53
637.83
380.48
377.0
817.64
715.51
598.0
579.89
323.52
980.22
174.75
550.21
141.47
131.41
794.26
606.88
429.2
833.8
123.88
414.41
971.43
830.24
554.22
771.12
937.42
445.89
181.37
844.39
574.74
888.28
693.52
330.52
121.19
622.17
508.32
413.95
723.13
443.92
831.03
156.26
118.4
432.26
252.41
911.03
674.53
966.07
363.49
862.84
979.66
878.1
787.68
216.94
908.11
184.35
417.98
261.84
210.61
968.69
656.0
901.15
435.51
444.51
845.2
971.16
789.86
887.54
862.62
786.02
918.64
789.42
105.44
267.94
402.87
314.51
965.82
880.53
586.55
314.76
194.2
145.3
268.99
332.23
869.03
377.3
541.04
639.83
977.19
734.22
343.88
521.07
399.24
302.07
783.6
609.9
415.39
676.4
209.22
634.38
832.92
932.41
580.89
319.64
771.11
991.61
398.59
391.03
257.73
402.0
788.04
604.94
272.28
291.22
254.98
670.78
205.83
305.32
450.23
812.89
900.92
471.36
825.29
280.25
320.2
437.7
639.55
718.79
761.09
305.54
195.54
267.98
233.28
629.04
937.14
857.15
791.49
597.78
329.54
930.94
677.61
994.98
626.39
260.4
266.99
885.28
237.69
503.06
501.38
420.65
967.76
908.87
207.87
974.64
600.5
227.57
870.14
436.21
511.0
323.78
559.62
351.54
974.36
202.76
436.51
485.79
842.85
547.91
734.25
293.27
775.76
606.76
889.61
903.63
448.19
625.3
730.58
930.18
240.16
566.18
841.17
234.31
990.57
640.94
685.83
128.92
505.17
549.61
299.05
994.68
606.82
451.54
838.51
925.69
351.88
126.01
374.16
324.48
478.35
998.93
169.7
467.9
164.22
415.71
851.83
600.83
879.82
358.23
689.32
215.03
560.15
190.6
736.96
533.89
607.93
676.93
560.93
177.16
490.12
889.76
689.74
629.81
903.72
681.75
325.63
699.78
844.73
302.85
315.67
290.7
964.34
360.63
789.59
156.32
132.05
754.69
275.76
520.44
667.61
346.01
650.58
190.03
199.83
148.77
701.96
738.25
528.22
440.16
970.49
378.67
852.93
969.36
799.87
907.74
479.39
678.24
920.93
227.21
593.18
726.72
810.05
615.66
967.42
835.85
995.22
924.52
581.36
984.62
644.59
200.24
662.03
647.66
340.83
798.77
728.85
944.63
518.72
568.91
635.28
784.04
742.27
166.25
794.22
232.52
366.14
197.02
773.03
120.43
945.14
393.89
275.11
683.13
959.69
745.5
458.52
415.27
685.0
330.92
342.56
695.8
200.2
663.25
794.11
888.02
457.58
676.77
489.31
653.89
451.31
471.35
818.24
345.6
958.66
556.85
306.28
393.42
258.78
756.39
415.8
164.53
461.47
828.47
453.25
104.72
464.97
573.6
735.13
303.27
330.2
538.55
711.41
990.85
551.99
222.38
509.98
157.69
568.61
713.4
264.42
389.0
637.56
178.88
413.4
470.45
806.3
686.65
111.24
464.74
605.12
515.22
384.35
487.28
974.39
559.52
881.81
393.28
501.39
774.35
484.99
947.41
433.96
846.23
924.72
169.12
388.27
308.56
562.56
962.0
666.95
574.64
327.62
407.27
105.42
873.36
130.5
725.46
186.19
582.28
844.25
602.45
922.67
256.3
950.59
987.57
981.0
392.64
548.79
978.72
680.4
712.41
134.73
329.72
289.17
322.45
678.34
294.47
734.66
998.66
541.44
171.8
724.38
970.13
364.06
965.29
931.38
550.39
386.16
583.67
675.96
320.07
939.98
687.11
671.22
997.85
309.87
504.63
450.0
766.64
997.5
160.39
188.47
302.04
616.71
822.74
956.5
659.86
450.22
669.92
454.24
128.98
259.94
505.76
654.7
734.75
770.11
147.99
302.91
237.38
509.7
817.85
726.27
578.03
169.79
464.62
699.22
247.35
498.29
476.14
351.97
480.15
578.09
914.53
852.92
549.33
925.11
652.36
714.3
649.26
938.11
574.52
443.8
799.32
544.25
413.74
859.37
707.37
154.47
577.61
624.3
442.08
989.81
150.17
502.87
846.56
509.02
497.63
893.29
706.03
716.96
799.05
266.73
698.61
130.91
256.26
777.45
841.31
935.42
271.84
551.8
197.22
172.04
676.43
112.41
121.24
763.88
381.97
502.84
411.08
347.37
556.64
932.04
812.65
163.08
410.79
409.15
723.77
933.23
992.01
143.64
305.7
945.65
806.03
861.34
373.34
129.96
693.75
106.11
297.03
316.11
265.92
387.74
747.63
414.7
818.84
491.43
432.43
494.03
626.06
920.59
300.61
325.33
776.61
995.88
945.79
202.67
547.09
141.21
390.94
295.45
326.21
180.52
301.32
990.27
709.19
722.04
325.0
395.42
863.79
928.35
532.87
185.64
547.34
704.23
776.11
826.58
978.73
205.93
932.61
522.96
617.2
599.44
636.97
493.39
840.52
420.79
316.38
324.53
377.62
405.36
985.95
522.08
386.84
485.38
637.06
416.03
415.66
706.25
717.48
731.09
772.74
453.17
310.15
620.43
198.71
731.09
884.83
757.9
193.85
739.03
416.14
179.58
956.21
466.76
170.29
487.81
667.73
955.91
180.69
834.63
223.37
215.36
198.52
719.08
780.79
786.75
284.12
678.15
537.78
442.02
519.73
917.74
287.44
316.17
216.99
646.65
127.07
585.63
718.11
504.88
147.13
432.16
741.62
699.29
770.23
446.8
971.33
101.29
623.38
382.7
193.41
563.46
672.98
274.42
879.48
627.07
336.16
403.75
660.53
800.25
128.94
333.06
491.62
901.0
594.18
480.0
591.3
449.42
316.24
278.68
212.6
979.51
302.27
594.49
644.35
242.82
274.41
178.53
577.55
234.89
737.23
939.28
118.66
894.61
758.89
241.48
627.2
426.35
358.4
410.48
959.06
456.62
502.96
222.58
890.54
385.82
341.26
334.94
864.11
225.51
444.64
656.7
357.59
690.29
953.23
234.9
885.84
573.43
896.86
255.01
182.39
914.66
290.65
897.32
276.54
878.38
861.98
259.79
905.3
591.44
816.7
298.11
627.63
530.05
268.39
397.31
994.12
335.83
955.63
471.73
392.1
693.8
690.54
472.04
376.55
702.83
229.14
344.21
938.39
384.93
578.32
957.14
306.33
150.86
669.26
690.18
792.17
983.77
614.61
719.46
754.06
130.93
954.8
221.94
303.41
230.65
841.92
948.3
606.07
162.93
174.57
227.24
317.12
276.53
949.87
551.67
225.47
993.47
412.66
173.35
142.92
421.5
663.92
797.57
597.83
962.42
728.64
915.72
521.62
413.72
270.08
774.54
199.19
448.48
459.93
391.17
649.88
447.97
194.85
419.79
172.98
593.17
190.63
336.45
507.95
157.47
263.42
456.66
396.58
599.09
518.32
674.7
262.4
606.82
174.92
935.59
255.92
222.52
965.24
543.33
169.05
250.05
236.43
603.6
321.54
603.68
925.16
847.22
372.67
637.23
721.54
908.73
758.96
998.34
930.56
693.57
486.98
850.72
846.45
438.61
768.09
903.91
620.66
424.87
210.41
719.19
348.89
294.18
185.07
853.12
831.83
283.71
337.51
416.95
606.54
169.13
234.73
753.53
935.97
130.43
538.38
679.24
415.83
844.38
138.59
709.01
350.1
701.4
691.25
995.42
750.13
387.37
211.35
804.88
865.11
578.38
426.6
610.24
372.54
912.21
776.39
296.86
135.24
273.81
553.63
669.82
791.02
661.66
533.42
386.08
793.85
797.95
156.39
968.31
478.45
328.28
290.16
717.51
654.27
924.33
263.59
517.43
796.94
368.68
682.34
984.95
250.93
750.43
923.24
605.99
741.51
337.21
846.07
373.64
109.95
939.33
757.32
988.65
245.03
573.65
949.43
480.39
689.48
755.78
919.89
978.74
186.5
346.02
686.89
744.42
716.52
899.77
761.5
735.45
423.98
419.5
664.42
465.09
712.1
225.24
548.3
356.37
770.91
761.66
119.79
681.86
814.91
998.55
510.16
726.88
339.61
226.56
298.06
923.54
819.17
299.24
538.8
363.9
277.47
661.68
586.48
881.66
109.58
113.06
644.23
667.23
410.55
771.94
878.86
979.39
144.35
190.65
232.85
295.82
614.41
980.87
947.43
948.66
161.61
177.48
579.04
895.55
875.68
890.71
759.74
544.84
950.77
659.61
644.19
639.91
477.16
181.68
975.98
674.61
330.82
533.89
151.25
476.63
960.23
223.26
473.03
274.11
749.42
182.71
580.44
712.31
386.63
760.9
893.11
190.52
693.25
746.15
842.8
839.14
889.22
295.24
820.78
463.24
387.76
697.2
323.21
814.99
656.35
837.04
118.36
955.38
773.71
126.83
502.09
421.65
288.13
235.28
980.16
607.33
102.53
105.48
767.41
843.73
513.32
772.34
322.54
283.13
994.33
437.64
912.56
793.64
909.81
541.17
475.0
146.04
362.32
791.24
462.33
562.68
467.06
379.08
975.21
946.05
152.75
978.88
666.97
616.95
483.13
461.62
481.15
519.2
495.88
750.64
827.08
927.47
373.46
212.73
728.2
694.43
264.53
575.3
862.59
300.85
110.62
762.33
595.9
969.27
612.59
285.06
951.58
976.01
983.34
622.19
834.99
244.09
295.8
567.93
269.49
820.04
515.78
522.19
932.64
491.54
463.16
682.81
453.78
823.91
201.33
605.73
241.74
743.88
108.83
420.31
650.87
565.3
262.66
903.45
970.89
126.94
601.75
417.82
936.9
425.82
945.71
730.76
238.02
963.77
245.29
672.68
895.26
992.68
172.38
440.78
578.81
284.89
984.38
979.5
108.9
463.98
556.87
754.46
238.19
876.6
535.42
503.76
818.49
310.18
562.08
228.97
897.41
256.65
255.63
763.25
441.07
985.5
257.29
698.99
485.28
224.03
533.85
142.62
981.71
614.77
235.99
501.64
705.58
758.4
222.14
519.31
955.32
838.3
421.67
206.31
324.33
777.86
190.13
286.36
105.79
446.66
943.79
609.99
310.11
119.74
982.01
471.5
574.67
320.82
659.74
938.95
582.52
433.95
930.57
159.43
530.44
905.98
468.01
403.07
877.51
682.86
746.96
497.01
333.55
618.56
914.57
445.82
462.27
898.29
319.61
249.64
489.78
920.61
562.01
365.17
366.3
515.03
929.91
250.18
660.45
979.64
884.39
587.54
992.89
398.87
166.79
400.51
412.55
928.5
298.56
202.39
402.73
510.68
926.47
355.82
392.23
323.02
282.49
118.45
688.06
361.07
411.23
714.94
243.19
235.01
172.04
911.73
666.78
489.02
116.73
602.68
187.17
853.29
979.12
441.84
408.82
250.48
906.24
244.94
496.77
205.81
339.92
941.62
520.81
201.52
259.33
161.66
569.34
730.37
308.7
172.15
301.94
985.69
823.06
558.6
195.48
323.89
101.49
401.97
156.87
653.11
745.06
334.99
417.42
291.25
373.72
948.36
194.28
196.78
937.45
822.44
846.87
154.37
553.2
226.76
612.63
956.44
552.0
968.17
475.79
620.56
307.36
219.47
100.13
128.4
359.73
939.69
675.93
643.89
202.55
265.4
768.67
837.34
124.73
963.99
643.56
347.24
983.41
657.14
732.96
650.83
365.52
882.55
787.0
217.49
491.47
644.75
785.09
892.03
936.06
374.79
184.39
411.73
220.02
928.66
334.81
450.49
428.34
335.5
459.67
207.67
134.94
968.79
955.58
306.78
418.8
583.88
344.13
666.0
175.57
939.22
877.84
387.58
318.01
942.01
966.84
221.66
201.7
438.91
625.04
768.67
665.37
702.09
821.41
866.5
145.9
541.34
118.08
495.7
812.21
110.48
194.26
378.48
141.96
443.9
347.11
285.32
117.02
385.52
320.76
523.05
224.98
973.34
813.32
417.18
631.83
232.26
890.6
858.56
868.12
239.48
443.57
337.54
548.46
442.24
928.04
465.92
823.98
814.58
538.67
158.49
618.58
117.17
979.29
101.95
132.99
334.3
699.95
842.83
102.0
457.47
623.58
368.1
983.24
423.89
395.59
883.92
927.78
853.27
301.88
883.81
415.04
301.75
435.84
829.87
722.18
800.08
554.01
517.53
838.41
179.19
352.09
759.89
875.28
684.11
643.53
253.46
591.77
926.53
264.22
722.25
933.12
628.38
382.86
774.83
102.21
895.66
690.54
123.11
560.33
331.3
642.11
175.5
209.82
904.34
221.48
427.76
274.67
676.75
543.42
655.06
845.24
274.01
625.14
844.55
413.05
433.4
312.46
402.39
635.73
923.75
933.94
300.1
876.34
748.35
389.47
656.94
326.72
865.37
934.38
724.86
619.01
629.23
314.92
287.67
544.86
272.11
743.72
657.27
408.05
744.47
290.55
803.04
181.35
204.37
563.83
250.18
944.8
430.78
993.84
116.72
694.43
125.08
658.81
711.29
748.91
784.75
520.01
575.21
440.62
113.14
363.71
230.13
109.36
413.83
344.99
823.66
666.84
612.52
341.94
984.82
166.22
324.34
810.39
373.31
950.15
142.56
828.2
798.67
981.95
729.37
299.05
565.85
356.79
975.02
720.72
539.48
813.93
957.86
729.31
751.03
228.31
523.21
378.66
410.36
770.73
808.45
781.54
747.04
756.11
241.91
164.65
984.71
555.92
466.77
980.6
674.72
262.54
774.25
152.14
545.29
394.78
786.63
973.6
562.42
803.22
593.92
134.17
422.4
755.97
259.35
102.44
579.66
468.53
623.86
889.19
814.0
192.75
442.32
646.99
462.32
969.76
420.67
825.7
628.65
674.56
856.57
446.17
948.68
312.02
522.75
293.42
979.98
725.34
767.09
682.3
691.0
566.8
644.13
247.45
621.53
744.06
576.41
880.1
823.46
430.3
329.48
648.89
916.14
599.45
254.12
875.85
686.9
187.02
163.58
631.78
781.62
934.66
949.32
868.06
898.26
624.86
898.67
724.15
538.09
171.91
509.78
969.43
800.06
624.1
702.07
837.44
342.0
707.58
382.8
612.24
125.68
683.8
870.62
650.89
662.89
720.21
460.5
109.83
390.03
701.12
459.23
401.09
828.96
345.25
882.03
993.99
206.01
512.45
482.25
321.71
770.91
415.4
411.44
410.97
596.84
564.04
332.85
500.03
796.17
814.02
385.97
513.34
617.9
951.31
935.47
706.35
348.82
369.92
207.03
101.3
679.54
483.94
297.14
135.62
238.93
623.83
676.05
412.87
856.78
564.36
175.66
108.1
977.19
912.87
513.83
139.47
706.02
790.73
305.14
318.03
814.52
310.77
810.47
356.13
310.15
679.71
136.17
758.03
930.72
190.22
468.63
108.22
834.59
768.45
932.09
875.94
110.89
722.29
850.41
612.07
291.47
294.18
702.56
253.78
139.15
897.69
472.96
684.05
204.31
518.75
433.02
928.41
233.47
878.77
239.17
802.6
472.34
182.34
795.0
365.04
949.79
838.22
744.43
841.62
586.58
127.57
161.32
158.03
331.87
840.53
730.74
500.39
450.89
755.35
425.51
880.15
658.61
283.48
823.93
197.43
676.75
620.21
208.56
543.88
798.66
613.21
194.81
346.77
395.68
810.02
100.17
878.46
871.04
777.07
881.31
129.28
561.54
887.5
898.22
891.96
570.03
287.17
215.69
551.31
403.81
952.82
796.28
355.58
679.1
458.35
147.09
269.76
922.12
597.49
710.43
351.07
668.83
180.96
429.27
148.88
914.27
921.39
550.44
584.91
867.73
662.99
383.49
995.64
183.07
630.61
456.18
527.34
640.58
501.95
332.44
580.36
931.05
714.03
793.85
957.85
768.67
813.85
828.49
992.57
660.45
151.14
492.01
240.2
657.15
840.82
813.1
183.45
134.27
862.68
892.84
348.06
691.28
985.19
841.14
107.13
534.84
988.05
488.51
457.89
808.9
484.03
506.06
641.21
811.26
445.35
683.66
312.04
354.19
149.06
535.93
307.16
588.07
852.19
804.74
223.52
671.6
403.47
584.76
478.46
442.93
117.33
691.1
678.4
508.19
811.57
780.78
939.37
216.75
147.96
434.19
714.88
742.44
743.65
489.81
433.15
588.47
901.45
784.4
238.23
125.48
291.66
487.39
761.69
468.96
913.14
821.44
585.77
393.58
358.81
606.31
841.43
457.62
838.35
269.5
768.4
638.93
251.58
790.72
330.67
105.78
366.88
870.89
352.55
397.46
513.84
815.24
430.96
877.83
454.96
459.09
506.67
782.74
319.8
372.57
664.04
776.23
905.62
442.49
633.82
943.14
141.96
813.0
511.9
797.15
101.6
196.25
264.16
410.39
656.0
681.69
489.06
729.94
681.96
526.55
887.69
817.94
483.39
637.68
850.5
526.06
398.48
122.07
327.99
330.62
334.85
100.85
217.7
965.91
309.62
548.2
103.39
891.63
896.88
497.59
141.98
219.44
775.51
264.45
317.98
735.57
913.43
996.1
566.43
945.37
563.1
546.63
709.25
755.1
425.29
578.37
860.42
570.35
354.82
834.59
650.82
284.69
569.19
219.54
531.18
670.45
152.04
601.67
141.11
