100 100
169	215	50	90	65	77	69	40	54	51	39	54	94	12	42	91	74	25	71	95	51	48	16	14	44	79	60	61	32	83	20	52	43	10	50	48	39	75	23	59	67	95	74	57	52	44	71	37	74	92	55	16	61	62	79	94	50	70	13	25	52	87	67	68	90	77	23	43	27	37	10	97	95	97	66	79	10	19	26	13	81	96	16	10	88	18	91	68	72	59	55	63	12	35	31	13	27	85	20	36	
41	99	72	35	23	20	45	22	34	26	48	27	53	28	78	26	23	85	60	71	38	16	68	38	80	80	98	74	70	83	37	48	36	57	47	13	91	89	71	77	31	90	60	82	96	95	45	98	28	96	44	66	58	31	85	89	13	67	48	64	62	82	63	65	59	32	78	88	58	34	34	19	92	69	95	96	77	83	51	39	59	19	46	23	25	59	12	36	88	61	81	68	60	42	20	40	60	22	75	46	
220.79
861.84
786.63
329.31
545.4
504.09
685.78
809.06
184.38
125.48
851.35
489.06
785.29
101.89
500.4
748.66
305.66
949.8
910.38
127.5
122.88
586.73
944.3
442.7
294.72
479.48
126.11
299.3
493.66
545.74
309.54
307.55
296.68
513.18
360.51
119.32
852.98
600.25
677.42
267.13
992.3
873.09
208.68
399.09
748.61
739.36
941.86
479.47
846.2
702.6
372.73
628.23
893.35
860.73
554.25
629.51
131.04
318.22
816.87
472.47
255.53
593.37
732.03
706.36
436.86
494.63
557.08
799.82
568.32
453.54
540.23
126.59
139.1
732.34
983.89
633.27
453.85
253.14
551.51
982.89
792.7
585.12
873.4
308.73
561.88
956.27
619.44
512.76
342.08
592.65
960.45
105.13
804.51
837.62
896.68
765.71
827.42
566.29
604.66
483.06
150.45
882.14
612.43
279.66
553.74
535.95
420.75
411.12
584.09
660.52
650.59
511.87
125.15
306.41
259.31
625.43
874.05
817.8
816.59
833.98
329.51
856.73
705.13
174.83
115.0
113.09
779.27
324.35
198.43
661.7
409.64
162.49
243.5
574.11
251.16
345.35
739.72
508.78
389.48
525.92
121.25
447.51
478.41
269.05
197.78
908.94
558.59
287.97
644.48
834.52
118.72
116.06
231.67
746.23
244.04
733.44
709.68
589.69
298.32
977.06
817.23
564.42
300.65
683.01
455.01
617.69
388.8
667.22
152.85
368.45
970.15
887.11
375.44
871.8
379.02
944.42
768.71
474.14
326.87
107.62
889.97
134.09
836.65
965.02
612.68
254.19
880.14
975.42
732.92
557.48
439.79
411.89
284.98
706.06
489.22
274.51
193.88
698.7
366.17
549.32
392.49
883.59
908.81
116.27
280.57
394.64
987.36
803.65
404.85
291.51
706.34
853.09
938.04
409.12
893.27
717.71
535.56
985.97
310.94
752.19
176.13
252.56
918.98
291.46
782.45
639.59
856.18
430.93
405.92
361.8
879.81
642.98
957.92
897.65
221.68
595.5
193.74
135.18
165.8
878.69
808.52
844.83
406.47
653.05
802.93
439.86
613.13
301.12
173.49
339.78
900.8
607.44
931.64
511.53
349.19
807.53
844.16
111.13
702.7
182.42
203.48
895.67
135.98
315.43
988.35
478.49
203.89
250.48
317.04
768.86
192.45
918.78
440.07
972.27
917.39
364.33
327.82
528.83
190.02
686.19
135.62
109.45
983.34
365.7
636.32
504.41
381.64
156.61
921.14
971.86
971.85
200.11
293.46
655.41
980.98
588.08
718.68
694.99
332.92
586.9
376.28
321.5
173.15
352.43
984.06
502.66
686.16
678.48
945.72
451.04
375.8
394.19
384.74
861.57
903.26
372.23
400.57
589.26
620.51
635.77
320.34
118.32
319.14
165.02
595.53
163.75
167.54
671.21
361.45
812.17
543.44
875.52
238.61
550.79
814.69
169.32
953.36
255.74
797.81
985.42
838.57
387.49
196.08
562.41
926.5
363.85
903.49
227.37
918.52
128.55
384.15
911.88
822.67
915.53
855.81
770.82
719.95
260.16
488.94
241.95
742.63
700.33
327.08
157.91
966.08
826.62
593.79
586.7
865.31
507.53
455.74
404.46
331.91
121.94
681.15
474.6
612.97
156.03
419.09
224.32
212.49
332.94
845.21
457.62
460.57
650.59
309.94
106.72
575.3
550.31
683.31
494.05
717.18
757.55
314.3
545.07
530.47
302.33
470.61
603.81
915.34
925.02
347.43
681.13
143.33
164.32
560.01
888.8
243.36
788.66
893.83
380.31
722.61
863.24
434.08
730.45
762.04
634.53
869.79
906.05
963.11
613.54
258.47
325.29
295.64
612.0
781.22
146.87
712.79
744.72
412.84
563.04
248.15
756.18
136.6
982.12
826.34
664.98
340.51
920.66
962.54
225.07
797.41
856.9
693.09
729.67
500.11
930.95
973.12
443.74
821.64
489.2
248.11
392.6
213.57
917.09
962.52
207.15
640.01
466.99
206.16
365.63
323.15
773.87
103.6
270.66
494.46
118.91
664.15
644.46
850.96
285.74
356.02
587.56
345.63
626.58
325.54
714.49
811.19
826.98
975.28
590.29
541.24
869.27
791.39
612.92
444.55
355.36
197.22
825.99
206.15
771.79
590.21
967.49
784.2
975.19
222.8
549.83
614.75
379.82
552.23
420.78
575.03
100.76
497.64
504.15
374.01
459.06
804.0
714.39
542.58
682.25
439.42
283.32
103.48
349.58
637.75
892.61
845.65
559.35
987.33
514.96
850.3
467.66
769.42
987.84
374.5
253.11
657.41
577.33
423.12
103.16
449.86
482.86
464.32
874.26
625.4
759.71
907.22
773.15
542.94
770.45
675.68
683.22
666.08
465.89
665.71
669.73
942.47
803.44
860.79
789.98
832.98
644.31
414.16
337.86
736.51
885.67
589.28
236.71
848.84
535.6
519.93
140.8
558.74
769.53
479.92
419.3
690.5
117.75
555.94
950.57
720.71
461.33
719.33
643.89
287.79
286.73
896.54
341.89
167.32
846.78
570.35
431.02
559.86
762.32
251.53
687.11
741.38
832.69
342.51
648.09
308.67
604.38
254.95
810.0
879.18
396.35
299.86
966.45
735.31
858.57
127.45
908.55
659.58
384.56
488.16
784.67
806.09
270.72
662.67
248.9
974.77
498.78
920.92
754.69
645.03
335.52
573.41
224.62
224.15
743.46
424.62
775.49
316.2
745.62
745.91
374.64
195.64
456.91
542.63
189.88
267.9
149.75
637.16
899.1
294.69
131.21
732.83
832.6
966.75
651.25
407.86
853.24
206.14
722.68
185.61
459.34
545.03
439.73
251.57
308.31
837.31
515.86
621.36
290.5
742.73
396.78
633.66
917.63
993.96
141.55
816.9
870.97
387.3
444.45
621.65
926.04
459.54
891.15
781.95
236.89
921.4
113.65
230.52
697.67
151.35
441.16
216.85
516.14
855.14
914.57
131.89
154.71
855.72
138.49
345.96
205.58
181.84
124.83
673.12
769.41
717.41
860.21
696.05
450.34
667.33
971.67
676.8
318.54
154.11
940.71
630.86
414.3
644.21
603.67
569.43
154.66
417.55
470.97
279.23
891.21
481.28
695.48
741.48
768.21
748.28
776.24
326.17
977.79
235.76
925.86
868.26
866.1
147.48
182.01
830.94
521.78
432.86
985.23
136.07
577.79
498.57
215.25
455.27
736.18
893.2
122.13
571.53
181.25
819.55
177.12
130.74
445.43
758.61
381.57
216.87
814.32
825.42
869.42
373.07
481.92
320.61
600.9
396.77
404.46
804.48
959.71
625.14
194.11
686.66
503.3
988.24
746.72
850.47
730.46
581.52
906.24
847.62
361.9
241.17
432.95
568.45
187.54
410.5
616.84
139.17
832.64
685.35
381.97
368.19
417.0
392.43
772.91
550.45
572.99
233.73
922.06
392.69
394.48
161.89
980.49
531.25
920.68
933.93
971.81
833.25
931.97
929.14
820.43
220.99
570.82
617.47
992.26
804.77
731.92
771.24
425.06
947.14
678.51
461.91
517.65
980.8
578.38
250.85
233.37
717.83
605.94
915.22
265.96
469.59
754.44
145.04
189.2
590.59
338.89
196.14
335.27
668.29
573.21
170.57
165.46
864.71
678.27
255.86
874.79
119.64
430.93
862.02
738.54
355.09
901.26
637.67
878.08
902.62
482.47
707.36
589.48
949.32
817.55
752.51
831.82
997.35
330.65
281.03
771.36
792.53
562.34
537.88
462.97
893.54
815.81
625.55
136.07
865.18
512.15
270.59
369.12
721.51
104.95
207.92
372.09
897.59
771.43
972.74
588.18
614.2
595.69
572.54
587.29
835.89
957.08
467.06
666.34
376.68
371.42
555.18
627.05
594.45
977.95
246.51
672.36
994.08
761.79
608.75
431.16
461.52
941.93
904.9
702.04
907.97
931.72
860.86
444.69
517.46
815.52
435.0
773.68
532.8
402.55
510.08
204.74
418.69
473.26
116.33
254.69
333.95
871.24
630.03
358.14
996.96
331.87
561.9
764.83
721.5
489.72
798.52
536.73
743.2
541.75
973.37
743.85
182.15
216.39
968.9
306.08
123.5
327.65
531.33
956.0
458.82
750.43
850.09
180.16
650.09
995.21
594.09
580.5
411.69
950.55
971.67
192.75
597.0
477.25
703.81
206.66
338.54
350.6
531.26
813.16
871.2
806.99
708.45
178.39
450.36
701.16
364.53
556.53
913.67
204.43
867.64
195.14
447.34
913.95
280.88
568.15
474.53
898.26
991.87
359.44
542.74
904.61
589.77
292.95
782.94
403.04
536.89
107.7
989.08
690.9
932.31
970.85
340.51
585.94
495.79
783.11
857.3
305.48
346.83
734.93
470.07
217.05
275.58
604.2
638.05
963.1
578.97
647.47
233.82
472.01
351.53
725.19
340.08
292.75
430.55
523.02
404.22
644.55
262.9
891.04
724.06
580.75
152.29
393.08
720.41
679.91
829.95
901.47
383.51
543.86
396.71
215.0
225.97
330.57
179.14
584.4
731.93
606.2
715.61
303.4
279.26
610.25
894.97
479.62
103.81
118.03
374.47
653.22
176.02
301.83
711.94
985.51
406.62
640.42
566.07
120.79
396.52
225.36
325.49
792.21
712.4
136.88
169.56
751.71
192.79
385.0
342.13
144.74
128.02
224.99
459.0
939.4
673.9
317.61
711.0
346.0
563.2
389.32
952.86
416.77
822.4
676.43
858.15
644.94
882.48
464.24
710.42
657.95
574.43
607.43
581.65
454.0
907.59
668.82
593.66
148.49
557.17
257.46
293.31
490.72
590.82
325.12
343.57
576.6
525.44
462.56
193.27
435.76
688.32
589.23
589.73
858.59
750.12
715.45
127.34
377.01
713.49
240.04
921.21
227.59
890.33
294.43
856.59
862.56
401.58
898.84
243.63
863.35
443.18
495.31
205.96
640.3
342.51
699.52
818.65
642.71
107.36
956.15
926.79
678.0
441.18
605.16
893.65
513.12
800.52
638.1
479.63
939.24
467.18
644.6
147.89
523.22
133.64
733.02
100.53
137.82
199.9
225.48
556.76
420.3
343.54
984.28
917.19
688.72
821.08
836.92
320.41
826.65
315.59
605.56
421.59
242.63
798.39
923.79
382.02
890.91
411.28
691.14
995.21
794.09
150.04
490.95
438.3
364.24
833.71
496.48
728.62
670.8
566.58
150.37
705.06
901.35
254.81
677.83
538.21
406.55
738.67
976.7
119.48
906.68
444.53
849.63
257.07
744.22
189.63
401.71
971.95
690.3
805.29
514.71
523.58
542.87
795.07
750.2
274.2
496.1
587.28
613.71
933.17
854.93
234.74
438.13
197.97
123.58
167.05
264.49
788.7
699.83
817.29
359.36
239.8
973.92
842.6
951.16
116.89
456.5
669.78
761.73
920.47
583.42
451.32
104.79
822.67
982.96
915.61
695.38
407.89
315.0
796.74
940.95
963.33
257.87
626.23
561.29
484.26
814.17
941.27
751.44
729.57
720.86
687.55
582.54
322.88
800.75
207.07
678.86
447.9
603.41
676.65
530.55
979.31
315.03
110.94
958.78
380.49
349.99
473.59
634.88
986.52
736.06
386.17
580.68
503.37
550.93
475.43
250.69
455.54
449.79
280.45
834.41
423.63
236.19
609.62
859.51
801.72
659.21
757.2
402.17
228.3
329.25
414.07
350.94
520.52
233.98
217.11
327.2
276.66
820.73
583.26
278.37
485.87
883.85
619.27
597.97
451.79
276.06
662.24
169.36
806.78
151.71
770.97
443.98
713.49
631.31
216.13
584.11
166.68
316.86
443.12
356.82
694.92
987.16
420.82
853.9
302.36
737.69
412.6
581.29
179.64
843.79
287.74
516.64
360.98
828.37
632.74
653.05
778.52
329.15
152.37
844.87
383.73
830.23
960.02
665.64
192.86
867.73
669.45
321.06
286.88
556.44
209.29
914.51
736.37
836.53
445.05
929.95
220.43
743.91
328.89
103.26
208.68
281.19
786.25
439.87
533.35
651.61
340.63
673.95
703.74
928.31
552.08
868.9
970.01
791.24
478.65
344.51
187.86
847.09
216.51
603.0
508.08
140.32
292.69
839.78
584.25
931.03
916.27
184.53
709.63
138.35
479.98
497.16
960.23
635.19
270.81
558.26
569.12
277.17
423.4
888.87
982.34
798.4
157.99
914.38
512.16
849.82
258.93
232.77
915.09
356.69
138.71
550.44
990.52
851.11
456.27
992.77
816.21
857.02
680.85
454.55
914.23
523.1
940.24
596.42
917.96
528.96
483.71
629.23
385.26
234.31
629.81
865.02
349.72
877.65
807.63
797.33
473.2
997.88
811.0
617.51
202.05
615.86
112.93
911.09
402.69
431.14
595.24
673.08
623.87
535.95
670.29
861.58
501.14
549.57
828.5
103.06
244.48
392.2
292.33
905.51
233.25
196.99
385.16
557.27
838.51
995.09
865.83
647.35
133.8
157.05
667.03
837.07
338.7
971.33
594.8
615.82
656.14
167.35
253.18
941.64
340.3
174.88
353.9
752.81
336.26
289.31
349.14
531.9
763.06
370.89
885.29
977.32
838.99
167.54
383.6
932.28
872.59
219.79
497.56
427.18
771.98
125.81
383.61
774.05
897.3
136.52
628.93
696.58
884.75
481.7
974.77
277.49
203.17
216.91
627.46
210.07
339.67
276.48
149.71
965.18
401.1
966.65
750.19
297.57
938.36
108.41
982.51
129.01
327.73
596.21
108.25
787.48
176.1
834.56
131.56
574.81
288.28
359.6
540.95
433.87
452.39
687.43
275.52
263.17
715.27
366.97
938.73
483.19
526.14
120.83
118.57
194.19
662.44
697.42
956.03
488.79
736.2
408.9
166.58
477.75
730.76
823.0
955.83
848.12
606.69
594.78
550.48
529.37
711.76
617.56
870.59
504.62
523.59
848.04
707.4
571.48
606.54
824.33
646.04
332.98
378.91
643.54
141.22
511.36
901.82
308.7
499.3
728.85
932.03
725.95
662.62
445.12
493.19
677.11
420.33
805.6
107.36
775.52
767.1
375.49
113.45
404.0
629.68
807.47
882.46
287.5
173.48
207.78
989.15
680.25
215.4
721.0
962.57
646.09
309.08
965.19
729.8
264.5
788.83
553.25
616.06
428.84
364.08
477.97
573.24
514.84
878.77
166.71
278.89
942.82
646.46
655.16
666.15
318.9
454.82
288.92
236.63
989.57
768.69
890.34
101.32
733.32
376.23
547.62
707.05
128.04
433.31
597.95
886.07
561.37
385.51
642.78
624.67
362.77
592.7
348.23
110.15
379.34
177.7
542.21
550.53
882.33
772.37
773.69
989.69
337.95
435.09
307.27
192.14
563.19
559.68
216.62
929.36
979.67
161.41
102.85
155.56
757.83
866.42
159.48
108.06
583.61
399.11
116.85
107.91
290.01
279.9
365.53
595.05
325.99
309.93
289.46
897.41
314.49
599.24
506.92
397.93
465.68
114.38
266.36
675.49
784.58
296.31
258.7
914.22
187.9
814.58
889.37
231.52
848.84
234.9
138.75
357.32
409.55
630.0
497.83
813.32
697.63
207.16
281.93
770.8
204.23
956.42
829.59
297.63
357.21
326.66
480.14
323.53
129.0
326.34
275.12
414.58
508.38
886.01
692.94
653.32
877.21
447.49
483.06
319.8
846.35
888.75
918.84
643.83
202.34
164.97
816.98
896.03
578.51
927.77
936.76
778.52
433.12
510.25
416.34
456.05
523.71
115.38
214.48
251.05
609.57
883.58
739.54
234.4
511.46
663.95
221.54
171.64
650.22
311.65
679.91
254.22
869.46
378.46
485.09
594.42
896.83
923.82
859.47
715.38
162.2
267.92
580.61
985.63
752.81
272.31
420.04
965.26
556.46
882.42
871.34
802.81
663.71
698.59
407.53
208.25
952.76
129.33
343.53
651.89
967.47
288.94
322.03
862.27
394.03
462.26
423.41
144.46
946.7
727.26
106.14
187.33
221.77
431.63
900.4
226.63
305.04
379.99
559.11
910.08
584.97
912.3
587.19
488.48
883.45
622.17
527.0
560.69
419.71
489.36
166.67
284.49
785.93
220.09
287.22
247.07
426.23
144.31
423.94
648.12
709.5
879.74
178.28
678.8
276.49
407.84
617.04
853.32
702.88
985.78
116.14
384.17
531.85
132.55
147.08
429.73
602.68
221.83
161.41
386.63
766.63
609.89
996.13
643.99
900.47
615.03
532.35
473.58
164.27
156.58
691.91
872.4
117.12
262.02
394.39
381.45
849.94
326.91
375.29
538.34
954.78
364.77
669.7
143.69
487.86
933.56
295.45
420.46
688.08
608.42
617.85
647.09
707.17
390.07
416.19
456.91
569.58
609.73
885.69
455.86
503.87
848.56
973.0
318.36
756.66
322.6
766.27
134.64
555.91
612.41
728.93
924.41
814.79
606.21
546.96
111.89
596.85
605.44
767.15
248.69
629.21
146.37
752.58
838.63
493.56
718.23
695.42
372.94
179.33
781.44
421.01
245.08
497.54
848.81
957.81
610.04
971.9
255.91
540.89
107.53
310.34
888.03
153.39
688.33
558.08
987.83
993.24
210.88
335.6
991.29
396.62
262.25
919.68
654.88
377.03
598.39
484.24
511.73
596.36
252.63
653.43
958.7
632.24
807.96
354.0
238.98
105.79
982.21
207.04
441.63
688.6
760.4
655.7
495.17
832.63
497.68
850.94
148.57
749.09
187.47
448.42
498.61
263.61
503.6
866.75
132.73
274.33
977.08
504.52
450.37
920.47
797.51
256.0
637.5
262.18
797.37
600.23
817.93
158.37
934.28
306.6
863.95
497.0
899.08
191.38
148.36
520.99
936.49
518.32
556.22
247.61
586.39
484.06
898.23
766.12
529.51
233.91
231.21
973.15
649.3
302.25
829.07
294.29
508.14
888.58
192.96
192.55
147.27
236.38
436.7
389.16
351.83
112.73
537.92
500.39
765.98
372.48
622.49
381.52
776.94
256.56
539.93
500.75
512.41
583.76
581.99
384.4
840.87
955.39
602.55
671.31
750.56
387.51
632.47
515.87
535.5
454.33
582.1
296.1
316.68
279.94
634.44
320.55
801.79
913.87
782.99
395.12
947.43
409.51
425.05
635.16
693.95
467.55
807.21
867.32
359.46
301.92
457.3
728.05
702.17
257.89
449.44
910.77
962.95
643.2
801.33
854.98
299.75
159.23
649.61
445.84
738.97
364.02
490.13
826.65
183.83
466.65
237.76
579.72
758.76
987.48
777.37
229.68
492.87
587.43
673.35
730.06
975.0
947.04
287.5
242.39
972.06
244.31
970.43
207.73
625.87
216.76
220.29
400.12
813.58
731.34
385.23
223.24
422.41
256.56
311.28
546.76
539.36
929.43
180.69
579.07
607.76
228.35
424.1
223.95
903.38
413.34
158.3
527.18
575.6
897.61
746.46
285.32
916.61
104.55
726.78
137.9
836.9
270.27
816.76
831.26
793.56
199.02
459.85
194.21
746.05
993.66
569.93
686.12
699.68
228.3
433.94
413.66
774.81
469.84
430.87
593.55
285.14
158.7
313.96
118.74
701.85
510.63
654.37
610.41
148.72
832.75
836.17
106.82
486.74
806.37
473.49
872.95
724.99
693.91
914.28
800.28
625.88
142.52
508.57
719.18
570.32
625.68
414.07
856.23
320.65
674.95
492.64
233.72
117.15
216.8
359.11
524.66
124.06
160.36
815.97
981.23
487.48
522.34
641.82
187.09
584.28
705.94
948.9
678.21
589.87
468.7
919.73
570.49
529.35
759.66
493.64
160.46
632.06
878.55
432.01
186.46
195.04
914.79
199.87
688.13
178.67
560.62
919.16
310.79
376.33
649.61
615.55
603.87
452.44
136.76
635.12
348.81
657.76
493.66
341.49
995.21
389.15
972.97
529.46
580.08
341.73
256.26
734.83
509.53
626.07
264.15
558.46
692.16
783.02
699.23
472.0
716.04
636.59
529.19
666.64
375.42
156.79
232.9
974.47
902.55
843.5
333.0
854.13
809.81
586.55
372.38
196.04
997.01
997.9
864.97
500.73
755.95
918.53
587.25
212.49
977.67
583.42
791.89
659.64
158.23
515.31
110.77
339.04
964.42
721.62
608.56
200.73
716.03
644.3
673.08
718.81
934.18
502.18
649.29
576.26
629.53
710.73
268.98
149.94
204.58
138.4
599.03
374.29
805.4
245.55
235.01
878.18
180.61
417.24
720.36
605.88
339.87
221.09
619.39
323.06
869.63
338.1
938.85
119.56
649.22
353.82
526.68
492.43
827.38
266.55
790.25
130.61
672.43
840.48
486.04
863.32
418.95
419.12
918.84
990.37
809.48
306.28
947.18
428.62
880.03
389.37
295.66
331.68
721.15
980.62
568.34
196.37
715.56
907.8
802.59
101.65
380.66
798.1
730.51
995.48
907.47
817.6
719.9
442.11
131.47
790.58
510.9
877.64
218.47
870.58
680.24
896.63
730.45
492.1
563.9
188.42
317.99
616.87
259.83
422.28
678.22
634.68
903.55
489.45
597.73
479.24
778.63
662.49
949.87
227.19
214.36
362.94
654.01
674.04
281.21
344.0
635.29
337.68
846.07
195.83
803.57
237.57
742.07
803.11
948.14
910.97
122.01
694.27
918.47
792.48
508.31
774.5
355.4
821.97
465.3
972.84
125.07
623.86
216.82
788.76
972.48
542.28
856.35
309.48
125.3
822.11
469.08
175.55
704.81
910.1
175.32
649.1
412.5
138.16
165.83
140.77
375.73
376.79
583.17
658.04
864.54
869.75
253.85
664.26
888.12
324.67
642.11
988.46
670.31
730.66
379.4
992.27
847.47
390.16
371.32
104.31
532.56
885.2
805.64
232.65
317.27
244.95
333.41
282.12
248.33
597.31
921.91
868.29
658.58
384.26
916.6
289.71
134.77
294.19
810.27
729.91
379.41
297.61
672.89
559.85
813.89
500.81
175.0
163.34
307.58
570.7
742.56
599.96
108.79
956.71
511.89
585.77
272.8
318.81
292.55
645.2
916.9
337.44
414.16
358.45
126.15
109.44
802.1
978.79
138.11
169.14
506.49
373.5
321.72
881.92
273.57
275.01
914.52
660.24
716.75
700.86
123.18
979.17
125.86
304.44
527.22
853.02
953.56
107.95
224.41
114.36
223.27
921.47
176.15
584.71
275.16
107.11
351.46
332.79
587.97
885.52
576.55
579.42
350.77
261.77
530.88
454.18
910.64
287.24
123.05
146.45
385.12
296.76
456.81
891.36
754.62
633.46
847.91
890.29
158.38
719.54
217.87
469.27
450.26
344.17
139.9
274.68
735.02
960.63
917.7
120.57
612.04
271.45
568.26
579.69
245.98
179.05
531.9
147.3
856.11
898.92
113.36
819.98
853.99
135.73
627.86
526.92
257.52
836.1
609.11
830.3
940.67
971.92
695.7
884.71
157.04
403.77
526.88
560.48
430.45
834.47
623.51
861.12
498.32
946.65
419.92
992.89
609.12
439.13
657.95
195.52
717.5
639.26
823.87
168.05
477.12
627.03
154.69
785.59
909.47
662.5
786.98
949.04
508.74
560.2
898.48
708.41
348.75
629.88
789.89
858.92
216.68
250.23
718.03
743.67
755.86
539.85
444.98
963.42
329.01
357.8
122.3
175.93
662.11
695.77
296.8
765.34
253.22
434.4
672.43
798.82
507.09
826.71
524.37
696.86
849.32
605.86
605.71
938.7
130.59
116.85
132.72
379.53
583.31
655.48
712.57
115.32
885.62
313.54
969.71
410.9
859.46
740.69
120.6
560.34
453.94
993.05
308.55
455.12
256.63
104.21
584.02
657.45
246.14
852.94
299.68
942.68
705.39
973.16
493.66
853.71
644.1
742.76
469.07
559.73
344.41
402.96
932.07
170.39
848.12
774.23
245.64
487.08
850.93
557.43
556.52
552.9
254.56
990.65
772.76
356.73
412.24
736.16
882.24
595.8
357.43
422.59
589.69
896.82
732.83
302.76
118.03
691.04
336.71
888.09
244.25
995.67
819.89
326.87
114.12
837.84
199.35
236.71
445.54
255.15
185.24
593.74
688.65
806.0
152.05
146.11
524.64
766.79
286.87
635.35
199.37
907.89
885.31
941.78
449.78
174.27
834.96
496.81
414.19
484.22
737.55
754.53
491.81
339.61
235.62
147.51
965.03
969.58
160.48
633.12
974.86
617.73
972.63
230.63
746.69
856.31
203.02
283.7
951.05
309.6
654.26
919.67
739.47
794.98
368.84
863.74
224.33
459.56
539.75
732.82
130.64
167.6
430.94
239.93
917.79
498.85
629.73
483.1
872.48
932.1
909.4
172.94
649.2
798.49
924.87
599.99
522.46
258.38
107.34
121.65
350.44
747.55
461.63
587.14
343.93
975.0
927.4
337.35
445.48
194.74
455.37
317.03
753.24
381.12
716.61
123.87
735.39
672.96
361.08
793.17
876.9
914.3
724.34
494.77
625.75
785.07
383.87
894.15
807.22
724.21
782.34
146.02
830.89
501.52
717.14
684.99
480.76
761.44
871.09
994.0
115.74
922.51
796.78
635.49
785.26
413.07
463.65
136.5
934.63
825.78
564.27
650.73
840.68
249.4
612.67
750.04
623.91
978.08
330.43
710.73
800.4
451.32
945.29
470.41
231.67
253.18
453.42
987.27
922.51
908.74
696.19
552.49
677.46
644.05
958.3
453.24
452.25
755.57
822.6
764.65
243.47
669.59
341.68
346.48
329.65
107.93
207.51
703.95
815.53
196.07
951.08
518.78
803.43
137.33
171.86
832.28
186.77
133.66
691.15
139.4
473.03
832.81
202.53
857.52
918.2
976.58
652.12
838.38
243.15
616.14
886.98
878.11
254.26
845.02
457.85
560.72
816.73
700.76
393.05
869.51
936.76
826.88
144.77
113.64
617.36
189.38
178.32
883.22
142.77
352.77
374.19
938.36
951.11
805.34
512.31
205.39
966.46
300.9
676.41
799.85
558.23
896.07
944.08
429.07
737.75
184.87
487.4
704.28
347.03
435.53
782.76
289.72
929.18
226.64
300.45
652.34
306.83
855.12
422.59
214.39
701.46
484.27
660.89
200.63
147.66
365.51
563.12
278.96
287.18
851.71
317.6
411.97
883.29
997.11
794.24
226.34
787.46
181.3
818.77
348.13
297.1
483.1
227.84
699.51
839.99
699.06
816.89
244.98
345.02
852.82
393.55
771.5
609.63
234.25
298.98
930.03
910.84
635.77
114.33
115.08
943.03
817.99
727.38
333.35
916.91
165.68
718.54
718.69
432.91
830.63
270.41
965.04
938.67
404.81
396.47
814.61
408.41
629.09
721.31
949.77
777.83
348.0
417.58
167.46
823.09
859.38
300.51
524.34
411.17
354.25
126.31
634.65
954.49
253.77
778.02
794.94
581.38
862.4
480.55
658.44
161.15
237.29
627.74
857.16
526.26
939.3
543.88
468.72
804.47
927.66
909.99
692.9
293.24
377.61
601.2
132.53
368.62
808.38
325.74
682.73
373.18
219.9
399.78
388.73
349.83
379.22
925.82
616.7
547.0
337.5
360.51
818.59
400.28
233.99
448.15
705.34
945.72
848.84
544.9
251.48
896.58
135.57
623.97
973.4
384.96
570.09
374.62
473.56
197.82
655.22
730.57
216.17
109.36
317.05
418.54
490.66
740.42
567.77
129.37
117.1
498.77
251.46
826.58
770.63
822.93
654.55
288.3
812.11
360.08
248.3
134.97
450.95
958.53
715.07
693.33
441.62
492.1
917.74
998.04
399.92
628.5
537.75
282.65
559.71
179.95
815.75
463.76
688.22
801.47
311.67
951.97
987.26
536.31
164.93
674.92
709.98
296.13
799.38
353.44
333.8
176.68
656.46
779.64
724.18
374.62
367.27
148.47
257.81
328.72
287.71
137.89
458.93
108.93
552.45
102.46
443.12
187.03
245.59
726.44
165.29
801.6
711.71
676.1
577.17
749.23
298.06
465.12
116.06
103.8
473.71
654.58
967.97
854.18
147.99
924.73
455.82
472.55
243.1
182.33
506.29
589.42
866.11
697.48
272.44
635.65
837.89
322.42
362.92
331.74
973.96
232.27
668.57
425.15
751.63
549.75
296.8
872.86
582.85
119.74
296.51
251.68
389.54
246.36
680.07
647.03
448.71
331.51
671.06
437.59
790.41
876.69
746.91
944.27
370.92
865.17
464.72
871.27
655.06
357.64
351.96
870.46
534.49
237.24
621.5
227.21
155.0
333.93
796.75
287.15
876.26
136.19
403.05
103.84
718.48
653.02
805.18
833.23
916.09
480.85
429.6
647.1
536.87
274.03
488.87
452.03
899.12
172.73
753.42
734.69
921.66
611.02
734.08
210.67
885.4
146.69
646.62
201.3
306.04
718.13
444.91
716.83
297.87
186.16
411.84
554.66
828.0
878.88
440.19
947.46
606.36
265.62
552.78
711.2
785.93
207.43
974.3
600.74
104.41
356.63
848.14
148.92
380.32
709.9
214.56
745.43
629.9
341.32
828.51
165.58
273.81
787.2
641.23
294.72
452.93
862.62
255.63
157.93
548.16
283.32
713.61
319.83
270.17
651.8
962.69
592.94
968.64
991.44
775.66
616.1
434.58
170.9
574.92
261.18
609.68
489.76
600.58
617.56
603.46
933.85
597.96
205.66
895.08
766.68
430.58
498.94
605.45
452.19
702.02
997.3
147.04
924.85
990.05
875.82
516.57
696.26
519.53
435.52
240.45
280.68
529.04
353.67
287.04
647.52
354.12
848.25
179.18
304.05
481.55
292.56
852.45
542.49
155.45
283.4
728.07
377.78
369.16
289.47
111.23
781.71
392.7
319.35
194.63
554.34
764.16
951.42
938.45
115.5
545.88
536.28
593.76
483.44
933.89
633.94
491.9
965.52
565.58
107.3
663.71
967.61
687.18
279.56
853.6
132.15
861.51
221.25
856.23
260.45
231.58
326.21
553.07
722.34
560.67
163.79
951.43
853.87
429.6
133.84
468.01
965.81
957.55
251.79
277.19
978.17
404.38
725.74
935.12
842.41
823.09
650.78
826.17
311.47
912.81
291.53
210.81
791.93
991.28
782.35
660.22
179.99
574.96
260.5
586.14
468.37
226.11
589.07
811.52
742.6
226.03
941.77
937.85
422.47
979.03
271.26
459.84
856.02
177.25
454.5
108.82
290.2
420.09
849.78
662.15
185.29
816.07
782.33
375.72
255.79
760.64
942.88
297.11
396.64
398.84
969.3
145.81
116.71
263.57
515.71
968.32
133.02
817.07
572.35
900.31
966.55
745.41
324.67
918.45
110.67
988.16
471.56
342.7
893.83
548.12
446.79
374.42
476.87
323.13
565.63
491.94
337.32
105.24
236.24
802.24
737.04
930.42
234.08
932.93
897.65
414.72
958.1
984.45
860.22
600.67
883.09
238.76
219.34
224.83
724.58
963.17
274.69
223.03
895.97
889.47
214.35
130.05
350.14
345.44
106.67
230.68
850.8
157.32
510.12
744.14
741.96
378.16
220.17
483.05
423.65
502.68
362.85
527.19
975.97
107.17
306.71
863.32
549.03
804.74
171.16
989.92
102.26
806.81
320.66
739.82
823.44
760.31
958.38
300.02
866.07
655.29
264.82
296.15
181.43
911.36
397.01
411.88
209.68
821.98
600.05
284.01
814.91
582.23
812.61
734.56
487.78
420.38
902.64
262.8
191.37
871.98
717.99
932.27
648.98
998.34
487.83
157.01
698.7
326.27
452.45
431.16
393.41
564.45
638.17
163.56
903.02
412.53
762.79
411.58
207.32
396.03
302.52
373.42
700.68
710.0
272.17
734.07
653.82
245.91
621.47
151.2
693.89
338.89
629.85
943.01
734.99
601.82
612.32
322.78
521.2
149.06
543.07
970.4
552.24
768.99
911.54
608.77
216.72
990.12
557.5
484.76
156.33
750.19
861.36
578.35
266.42
734.94
270.39
412.02
314.71
573.69
684.05
601.94
248.53
311.02
297.46
558.87
966.35
689.42
872.62
181.14
122.21
589.6
306.41
398.99
757.15
184.3
889.72
470.95
633.84
138.16
155.86
705.28
134.0
672.38
379.94
369.9
959.02
875.94
375.82
446.07
364.89
207.79
957.11
685.12
742.32
481.16
287.5
667.09
320.82
921.2
949.52
970.2
293.14
366.17
875.27
518.11
601.91
741.78
289.17
516.09
175.09
127.73
970.56
749.14
659.07
284.16
365.44
926.74
993.51
677.65
930.18
454.84
858.56
754.44
298.98
928.61
112.67
341.26
543.64
943.33
416.49
198.39
749.54
702.34
207.8
719.51
448.86
478.57
945.65
848.26
978.53
731.2
447.48
435.82
227.4
161.11
560.06
243.62
623.36
290.7
551.97
907.36
518.33
931.21
370.56
221.15
735.88
489.9
701.12
620.26
491.72
426.6
295.86
991.21
282.78
514.56
902.26
833.85
983.41
660.46
355.8
880.37
159.18
947.17
502.51
713.1
903.76
566.48
837.54
853.95
557.62
919.15
323.18
241.15
736.58
840.93
470.18
127.16
485.94
302.6
164.65
248.55
641.39
441.16
816.25
297.68
642.83
341.24
355.15
234.68
767.09
353.23
702.84
718.96
598.19
695.27
713.02
187.53
794.53
566.01
832.26
199.71
151.71
681.26
376.22
985.49
375.31
505.61
409.39
602.39
291.14
963.36
346.18
926.62
985.39
404.07
834.32
905.89
132.03
972.76
444.95
404.72
822.25
250.51
124.56
970.4
115.85
673.45
611.44
477.9
842.73
833.84
121.85
655.67
871.8
449.81
211.93
616.22
114.82
444.95
548.86
293.09
626.32
844.1
524.37
587.52
270.18
107.53
524.23
325.24
667.54
190.43
506.82
564.19
804.57
146.78
899.41
238.36
925.52
829.8
900.37
932.01
174.41
425.22
632.62
397.77
693.58
882.41
282.96
385.58
883.21
397.03
173.36
771.48
363.61
624.44
159.17
607.97
831.73
499.66
427.31
791.92
572.09
526.99
256.73
710.28
845.25
100.3
377.32
685.8
234.86
871.75
220.81
319.26
511.24
224.09
914.12
555.3
450.23
648.99
771.91
589.27
681.02
712.66
492.1
351.83
212.72
695.78
439.84
957.1
346.64
803.58
495.69
239.46
450.89
664.27
705.35
412.42
303.1
240.35
632.88
711.19
910.05
540.26
397.38
818.05
670.98
751.93
157.95
840.17
453.66
702.94
165.74
100.2
127.01
167.47
178.5
874.28
593.0
155.27
997.94
487.23
713.07
695.43
419.52
842.3
969.31
468.38
418.54
480.05
847.71
551.45
191.31
109.23
694.32
233.24
789.3
639.15
289.78
161.29
702.05
244.05
981.74
561.85
394.03
822.94
655.29
692.13
809.25
506.66
139.44
243.29
991.15
660.94
121.4
233.0
195.9
330.6
688.12
933.61
614.0
548.66
928.98
217.69
907.94
677.9
312.13
790.17
257.25
632.16
513.64
196.57
942.53
275.84
428.67
672.49
342.84
185.17
370.01
438.73
825.41
589.99
929.1
225.26
843.46
986.24
983.87
369.13
190.3
786.88
495.6
675.36
187.91
966.7
455.43
968.02
106.91
364.19
521.94
431.77
288.18
981.28
592.77
942.14
566.56
806.79
677.01
223.87
727.74
772.11
744.45
541.71
143.73
846.28
970.76
159.99
138.31
488.31
762.53
503.98
835.63
891.26
635.4
654.05
678.93
433.62
283.02
918.39
333.33
843.07
565.77
764.71
807.92
893.93
853.67
394.51
850.07
881.37
677.1
278.43
985.59
818.22
445.4
372.41
832.33
693.02
436.6
915.26
989.99
710.02
847.55
636.36
374.15
817.91
729.52
892.0
412.79
943.88
724.66
774.67
857.39
509.16
854.38
901.0
972.85
638.87
155.49
317.02
277.35
226.36
440.38
628.31
989.71
173.96
960.6
591.74
820.14
844.31
417.91
731.8
768.83
395.8
931.25
892.87
109.88
868.25
447.78
960.71
152.55
857.7
559.93
348.53
542.0
849.99
485.06
509.68
894.69
855.69
297.94
559.84
460.46
272.48
281.07
200.5
250.36
479.08
327.36
751.96
183.43
315.52
964.56
612.95
265.33
838.27
115.2
374.46
224.55
469.94
519.95
923.61
545.51
908.39
961.26
140.18
195.3
828.62
364.41
516.56
688.67
484.11
879.22
123.96
335.98
155.62
333.17
986.41
125.8
588.93
296.25
766.38
247.35
768.67
567.11
965.57
171.3
570.64
918.43
568.35
482.78
930.27
845.13
802.73
465.2
394.63
353.52
975.37
169.82
221.46
668.62
894.2
980.1
647.34
873.41
427.01
563.34
791.16
257.14
731.39
481.75
140.88
420.1
766.09
818.84
715.53
750.27
432.64
378.77
458.34
494.02
393.22
896.05
729.8
236.21
219.38
529.53
672.66
723.84
484.03
619.27
644.11
364.46
824.05
409.84
218.13
230.33
682.81
526.4
859.63
888.32
309.19
801.27
713.69
605.79
995.04
252.79
477.58
468.5
342.54
654.57
869.22
531.35
172.82
336.17
746.78
512.98
141.02
327.53
576.66
389.49
285.17
442.76
199.67
897.28
388.9
521.65
568.34
503.74
928.61
238.81
544.1
240.13
154.68
733.36
400.65
765.48
538.78
133.21
172.34
123.99
617.39
463.86
362.19
369.91
488.23
877.61
901.54
840.71
770.54
208.25
434.23
838.66
282.72
752.04
197.75
832.59
332.21
331.95
967.22
199.26
908.89
365.12
351.4
229.84
151.81
440.58
499.53
381.43
106.22
901.08
857.39
665.62
222.62
234.82
536.21
254.48
353.05
297.11
791.75
700.78
286.51
952.31
642.87
813.06
703.37
516.64
522.28
484.06
161.37
947.13
409.72
149.93
193.47
444.81
742.65
549.39
397.46
914.55
161.56
341.21
894.59
521.25
518.47
172.01
636.65
754.66
853.76
202.0
613.64
833.51
902.02
183.76
229.94
914.39
443.68
480.92
759.11
296.2
231.81
603.26
655.09
940.67
191.18
680.21
211.8
624.12
678.49
474.66
454.69
472.05
839.51
863.82
505.55
768.98
491.83
496.12
659.68
646.81
511.05
529.82
874.71
398.51
663.63
226.87
978.96
139.13
801.59
249.67
692.42
104.06
393.9
137.03
479.26
656.54
115.56
593.96
461.16
884.38
455.28
124.72
315.89
886.55
536.98
451.08
382.19
359.32
225.17
608.93
225.83
227.04
231.05
313.02
903.84
278.34
127.57
953.87
540.22
972.02
808.07
522.25
484.86
100.44
477.62
314.48
440.73
871.56
656.46
947.16
791.06
867.02
197.76
561.41
839.46
798.49
836.42
485.19
216.17
568.46
610.36
785.37
430.29
906.81
888.16
772.81
769.44
989.75
181.93
414.52
497.27
479.26
707.96
494.8
438.59
125.34
143.07
538.69
390.04
307.68
117.59
169.28
261.44
527.15
307.76
513.25
766.31
167.95
664.89
780.19
913.25
993.67
268.01
139.12
683.17
588.85
914.26
635.18
839.19
109.94
522.66
278.41
263.18
164.79
950.14
452.06
816.52
795.82
826.42
371.85
790.26
508.66
940.19
711.86
907.14
957.1
421.28
420.75
102.58
848.59
655.22
247.82
659.56
947.65
932.17
990.9
402.88
325.27
102.87
228.94
331.28
663.51
105.65
935.42
682.72
870.91
355.8
570.61
921.66
198.68
170.11
234.52
282.49
260.19
128.07
241.02
495.54
388.23
501.55
551.28
735.9
620.19
972.79
949.38
907.99
569.19
318.68
506.53
541.97
562.05
944.78
702.7
941.51
235.65
675.3
338.34
116.4
103.84
433.31
265.49
394.2
138.06
126.49
322.67
751.94
533.52
749.05
923.26
548.89
627.89
279.4
415.83
772.89
806.63
229.85
274.29
515.06
502.9
652.26
878.8
321.84
185.5
179.25
380.7
432.44
209.72
847.74
423.97
324.18
354.94
894.33
665.55
827.66
211.97
250.49
465.49
517.06
222.78
277.04
171.35
165.37
238.39
319.27
371.01
641.0
997.95
615.54
530.59
447.32
197.66
693.26
508.4
692.6
454.83
290.88
399.81
235.12
341.33
956.2
276.09
637.57
932.33
461.79
389.42
196.59
219.2
934.45
522.88
391.78
138.8
737.73
220.59
548.55
778.34
821.47
872.02
331.44
240.29
206.85
385.69
407.14
276.6
209.26
473.63
478.0
219.6
837.46
179.87
449.37
446.94
454.12
655.94
564.11
641.38
758.23
183.82
967.94
570.44
778.15
279.4
525.2
793.68
385.55
601.1
884.33
575.06
571.11
728.5
928.51
334.2
975.95
765.71
453.5
253.28
333.36
465.68
734.97
463.2
148.25
173.38
944.46
171.49
911.64
921.55
649.15
692.87
867.38
851.49
740.98
777.8
929.32
317.18
468.48
776.47
714.52
460.58
996.57
141.72
268.97
232.69
404.78
943.68
991.29
793.08
478.16
935.43
398.88
582.8
744.85
413.98
735.91
923.66
415.07
796.13
164.11
915.85
520.74
420.82
961.49
183.07
563.38
958.28
439.33
336.31
511.57
697.65
337.04
948.53
923.07
805.12
574.34
480.94
312.54
415.71
518.7
397.93
567.09
110.4
825.04
782.42
807.3
188.98
345.11
301.35
607.84
965.4
421.67
850.44
135.02
703.15
449.47
417.64
694.9
859.27
939.23
467.5
557.68
511.99
147.89
600.64
767.58
926.74
291.02
600.93
815.19
279.83
350.76
475.0
711.53
862.18
362.83
643.8
964.48
955.47
842.09
471.24
729.54
532.96
562.69
422.82
992.2
774.47
588.76
128.1
390.58
873.31
181.58
895.1
496.72
176.94
523.37
813.41
144.92
544.27
719.83
492.03
364.68
645.98
589.24
206.95
902.44
867.85
580.07
926.84
655.09
130.11
946.63
699.29
236.21
119.61
775.94
442.4
219.11
702.52
599.02
842.18
641.36
504.94
394.76
991.6
955.37
157.59
991.3
783.59
326.7
804.12
684.09
664.93
883.57
371.56
834.25
609.69
439.79
974.01
168.01
628.32
857.66
156.26
872.93
573.69
597.33
379.63
790.26
229.21
536.19
430.49
592.35
285.52
587.26
112.7
662.24
629.65
229.47
384.24
496.91
850.51
991.47
632.05
805.24
432.9
912.44
951.1
992.88
655.48
175.4
293.94
300.35
648.04
412.36
489.53
787.97
186.4
126.3
309.86
680.89
315.81
934.31
575.56
593.56
558.58
155.31
672.85
627.2
737.84
400.09
898.91
480.94
791.57
101.33
622.52
935.91
260.58
101.79
115.08
428.93
840.21
296.3
692.34
819.97
318.89
901.76
627.43
473.39
441.17
253.8
850.11
834.71
286.81
151.6
232.47
453.34
423.94
942.17
786.88
251.6
902.52
963.82
962.46
549.31
679.95
915.52
264.29
996.78
358.87
414.43
317.87
733.44
757.61
305.68
295.76
994.27
824.88
341.68
830.36
732.26
486.79
945.82
762.45
351.68
919.42
423.4
803.88
540.64
469.4
281.53
561.68
576.16
383.69
309.05
585.24
480.63
589.05
784.55
936.31
560.82
640.25
185.06
282.17
451.25
590.12
289.69
572.46
770.22
743.67
867.15
642.37
776.37
675.44
194.57
671.76
709.48
364.27
815.24
430.41
869.15
888.77
479.1
815.16
321.53
271.09
868.68
176.83
713.31
765.92
542.65
330.11
130.19
454.16
460.97
517.38
283.68
356.59
308.89
228.56
402.75
885.85
884.72
585.75
708.55
649.04
623.22
505.82
705.79
436.3
381.58
304.35
454.52
769.32
134.31
799.46
818.51
712.45
692.87
222.59
416.08
229.34
550.09
501.85
458.79
984.37
474.61
878.56
386.32
285.96
447.3
459.54
558.73
181.07
673.09
969.34
201.21
830.18
441.67
200.48
793.38
970.76
752.42
819.86
859.11
837.24
519.65
534.16
173.58
777.97
914.75
957.71
952.08
513.14
778.97
444.97
863.81
269.72
155.14
276.83
352.02
260.61
547.18
767.91
574.38
922.66
239.56
109.12
376.53
723.92
265.84
121.54
360.18
906.59
356.37
253.5
368.23
557.25
814.46
699.89
878.33
503.25
290.1
274.74
146.84
644.68
394.63
420.44
444.42
139.68
455.44
241.36
238.47
905.18
262.53
723.26
514.47
410.03
972.6
563.38
928.5
295.7
588.8
317.06
819.66
156.84
315.67
950.71
581.0
516.91
400.67
978.21
974.63
542.15
538.63
219.29
482.14
268.18
604.02
439.59
885.5
704.49
822.01
727.4
318.82
535.25
405.73
500.19
170.79
872.94
968.41
947.37
241.36
147.59
524.78
867.74
648.13
678.48
138.25
131.26
940.51
529.12
512.34
519.85
485.96
464.81
193.26
356.12
306.89
194.83
486.12
697.26
914.56
778.18
816.06
375.63
667.3
224.8
381.34
379.94
627.71
986.29
132.02
276.8
517.64
750.47
855.59
300.2
103.03
940.07
199.69
483.41
326.84
225.87
729.28
553.75
436.83
408.71
914.92
877.8
147.14
855.51
246.93
306.29
531.7
659.05
590.78
198.42
981.14
784.06
650.96
974.79
996.96
629.68
491.27
674.85
766.37
127.9
728.62
530.87
639.14
219.08
140.04
583.69
371.11
825.59
971.5
614.32
928.5
331.18
413.48
399.47
428.54
130.49
484.08
546.43
974.86
433.88
327.52
965.52
779.65
159.39
333.39
363.11
795.29
363.93
930.0
735.26
879.2
861.44
705.1
576.85
917.73
278.99
613.97
570.07
357.08
599.21
303.03
689.66
230.64
746.38
667.39
963.39
669.28
737.71
644.61
799.4
699.59
967.44
895.39
787.22
145.55
168.75
805.0
909.34
268.73
854.17
104.42
482.87
321.06
913.59
201.2
436.49
858.39
640.17
868.31
570.5
184.49
386.2
668.25
520.45
995.06
604.96
489.28
640.58
438.02
409.45
363.6
458.14
963.02
431.93
857.12
466.49
485.08
929.24
721.03
397.21
226.78
921.41
381.87
793.88
895.67
435.0
425.93
172.01
775.93
218.47
680.02
132.58
227.21
758.86
337.79
136.46
214.75
315.7
984.25
289.51
241.55
279.0
434.85
379.74
633.64
513.66
616.13
759.53
663.63
128.44
226.65
693.11
561.15
291.08
907.6
641.87
571.45
561.74
922.33
738.03
758.44
722.48
602.51
518.55
621.06
913.16
607.93
195.59
369.74
801.11
313.57
284.82
261.03
776.43
777.24
899.91
669.08
843.21
307.77
677.28
538.56
720.38
914.58
237.84
968.47
664.85
204.85
499.99
703.58
960.16
824.17
673.1
793.14
324.06
907.35
255.91
647.43
161.33
871.79
177.77
847.69
726.5
567.55
371.49
705.85
589.62
673.83
383.55
232.45
549.51
729.32
255.22
796.87
653.84
100.61
162.14
585.24
928.43
143.17
878.57
682.45
579.91
513.18
609.59
978.77
115.87
419.95
172.25
157.87
259.22
615.61
618.76
274.09
702.09
948.63
537.4
412.76
871.17
918.68
541.18
192.58
876.64
585.74
258.96
921.53
187.48
369.67
909.87
658.11
613.73
583.16
617.7
622.28
495.34
780.46
494.85
806.13
578.88
629.89
373.24
342.34
853.32
844.11
988.29
130.48
881.37
744.27
540.17
948.26
837.48
756.52
744.78
699.12
958.9
619.49
491.75
319.33
585.93
165.56
706.1
328.16
713.09
790.38
404.67
924.55
442.9
218.17
973.34
391.32
465.73
173.05
623.46
976.66
490.6
454.26
613.17
793.07
654.38
780.53
219.82
861.93
995.64
116.1
677.96
148.22
496.25
411.02
836.16
393.61
821.72
727.94
963.81
752.46
659.68
292.61
279.91
449.93
795.55
736.93
350.8
245.24
702.31
789.15
646.41
163.22
655.86
613.16
589.35
319.08
549.19
504.49
589.92
201.42
972.6
391.92
742.47
439.25
301.56
186.15
505.21
200.64
787.64
991.66
326.34
562.3
371.87
117.86
643.41
712.51
445.52
487.7
550.92
503.42
527.73
330.61
763.76
807.3
618.74
161.07
209.91
445.44
206.51
340.4
866.13
182.74
409.43
452.44
706.69
942.35
770.98
679.44
676.57
459.72
335.02
707.12
446.46
114.0
708.33
583.2
165.86
463.3
196.44
793.7
919.22
958.86
515.24
463.42
465.19
123.11
352.38
797.83
537.26
476.18
798.43
258.32
269.95
438.27
355.2
936.86
957.01
592.46
471.48
231.4
983.7
367.09
684.42
626.06
128.19
570.59
364.25
538.33
942.52
765.51
799.79
776.36
444.59
731.59
543.25
832.28
802.91
477.55
365.19
892.18
411.97
407.72
320.08
948.29
851.99
184.78
238.93
384.05
632.6
998.65
526.15
446.13
589.06
310.84
572.33
594.52
924.26
475.04
446.79
962.54
107.59
868.61
613.76
605.54
384.32
813.62
893.91
883.8
665.77
296.41
492.98
258.8
610.41
748.71
367.78
905.05
524.78
791.4
573.67
893.83
874.25
675.26
315.67
163.39
870.05
392.54
689.17
648.43
297.36
795.78
245.16
839.24
151.06
420.59
878.58
655.74
373.73
137.27
501.58
983.97
771.09
256.04
603.67
827.25
711.9
548.05
750.12
375.87
242.34
700.28
576.91
755.28
838.01
781.23
485.9
317.78
979.18
426.61
942.05
416.79
741.04
429.51
708.15
695.73
717.15
138.64
612.08
928.8
566.02
446.18
186.3
102.01
102.05
260.97
198.06
435.46
560.31
460.22
493.6
645.45
563.43
344.89
530.8
263.77
692.08
992.34
682.86
169.85
942.16
244.98
301.75
358.12
866.57
914.03
144.27
641.64
105.68
725.3
111.25
920.15
497.56
272.31
438.21
234.21
405.01
655.65
197.26
829.66
653.72
405.01
479.83
749.17
248.71
550.39
521.0
892.41
174.15
293.31
639.95
226.05
323.52
315.33
872.17
424.6
569.43
614.07
277.88
128.94
188.75
469.55
873.56
830.12
554.3
306.53
150.57
251.92
812.63
697.68
487.85
584.41
341.73
774.97
907.54
807.97
583.23
365.38
312.87
590.39
396.39
600.08
765.12
471.5
589.89
638.35
917.37
799.08
579.9
125.76
528.92
283.98
188.91
495.52
667.91
937.57
544.14
595.9
779.53
502.32
710.54
273.08
778.98
685.83
671.35
643.68
887.86
106.76
830.15
700.28
447.39
823.61
554.15
346.28
608.75
790.3
602.53
506.56
441.94
454.93
149.61
154.34
418.01
753.73
513.25
522.68
133.92
975.67
271.81
388.92
920.97
369.25
942.63
758.36
323.68
730.9
241.26
899.78
629.09
715.09
884.87
436.71
196.28
720.16
481.94
481.18
834.04
300.9
258.93
635.38
658.16
519.88
192.16
460.6
879.11
777.52
272.07
711.34
615.48
946.25
421.5
635.05
585.03
829.94
630.28
313.39
446.43
651.51
339.78
245.74
963.41
804.85
290.61
410.01
261.83
995.88
361.4
203.68
851.53
682.1
113.33
359.01
231.1
621.06
646.59
592.72
210.61
690.42
281.61
661.14
815.01
744.75
643.27
258.5
691.64
271.26
959.07
901.11
199.58
623.53
920.42
342.23
102.35
673.26
743.86
888.51
372.63
584.75
463.44
385.03
221.2
892.07
645.69
243.55
514.57
444.93
184.03
497.64
209.49
268.11
947.5
873.64
830.75
767.73
368.43
421.04
729.36
702.69
856.94
777.14
584.94
678.48
839.93
487.58
335.54
580.26
916.73
666.64
312.84
697.58
820.02
695.21
808.34
146.85
781.63
948.18
873.79
733.03
152.64
696.77
151.67
991.44
132.97
418.43
866.36
251.97
262.31
268.58
830.14
679.55
138.99
650.4
651.26
664.11
887.24
710.73
544.21
663.91
586.52
315.6
973.58
316.15
197.01
392.21
258.78
913.61
563.32
447.42
418.17
923.62
407.03
493.58
525.63
750.76
247.15
154.84
731.71
395.56
611.28
127.94
238.39
276.68
843.63
648.21
520.24
303.48
153.6
652.78
247.82
507.5
623.29
901.6
100.92
141.73
657.71
166.26
734.08
461.65
901.4
812.61
718.94
837.76
404.89
192.06
449.75
384.75
638.1
281.58
978.5
992.85
727.25
680.64
632.1
374.87
363.63
553.89
244.61
251.7
919.34
609.3
691.31
720.62
612.65
491.75
812.98
963.69
186.35
492.22
593.85
564.25
515.41
764.51
698.96
825.0
614.78
272.69
983.07
736.65
874.63
384.83
952.15
206.36
206.61
146.17
599.38
419.58
904.85
195.02
904.49
152.31
394.62
493.38
838.51
511.93
213.92
577.8
201.91
633.54
937.62
173.13
485.11
556.92
177.06
419.99
950.87
251.37
617.66
548.85
683.46
848.32
556.52
787.18
933.6
775.61
520.04
287.8
804.62
273.0
155.88
349.06
112.37
497.15
503.19
699.7
287.37
893.71
372.13
176.39
839.07
577.06
692.78
253.28
251.24
291.69
479.14
327.28
795.6
237.88
601.03
942.55
395.13
785.79
935.9
796.17
773.96
307.6
668.27
151.14
302.94
708.66
483.42
104.02
130.35
716.45
640.71
821.19
495.16
760.35
937.33
231.76
427.42
868.22
781.17
606.31
850.62
978.87
602.01
351.11
551.39
359.15
363.76
572.68
155.65
149.39
432.94
203.04
553.16
346.9
738.39
150.02
982.89
404.46
413.47
790.34
977.25
540.66
783.71
160.77
467.04
522.46
844.02
471.21
490.58
510.47
561.52
173.62
556.42
441.54
280.59
657.42
133.75
228.58
985.89
416.89
819.85
973.4
869.98
815.04
184.33
867.59
316.65
993.48
115.94
705.46
490.68
338.64
406.39
745.61
174.82
769.92
341.56
482.66
953.5
997.52
844.27
848.59
433.89
655.96
787.03
312.42
738.48
257.5
700.81
961.91
959.37
864.22
273.59
665.79
307.58
472.19
758.01
229.55
706.18
519.16
847.1
636.72
868.65
950.14
820.27
739.69
189.98
268.69
156.58
613.79
295.02
386.25
451.64
254.22
362.61
351.04
892.66
305.26
207.33
952.49
227.93
935.93
416.1
636.71
632.05
910.68
571.02
181.21
490.25
404.66
572.49
585.8
977.51
567.03
356.73
564.49
390.1
233.72
190.09
693.82
236.44
300.02
371.95
479.29
914.54
336.93
664.79
661.33
880.04
676.22
935.42
497.89
150.74
603.73
100.23
947.09
367.81
550.49
678.15
201.36
426.21
429.46
957.4
235.09
834.26
702.57
754.71
826.2
539.53
962.78
592.28
416.74
150.05
205.71
546.76
717.16
183.86
154.96
757.77
165.01
110.06
634.64
980.07
652.0
964.28
307.59
745.25
598.26
464.88
623.14
724.91
240.7
705.2
858.4
150.32
126.35
930.23
697.68
506.32
131.45
733.63
815.8
443.85
681.5
789.22
134.19
571.71
265.68
651.55
353.59
206.74
617.95
266.03
633.24
530.17
784.09
328.53
886.44
598.99
831.95
709.07
219.25
307.22
402.32
495.84
413.24
788.85
742.31
110.15
928.28
758.33
613.32
856.37
112.99
591.41
776.42
904.89
364.62
954.95
661.95
986.7
595.59
911.95
618.77
553.17
873.92
721.3
596.67
549.07
524.44
409.8
467.05
710.47
188.76
838.76
825.75
285.5
731.23
642.16
628.19
153.61
993.39
299.05
886.29
988.67
810.38
438.75
146.35
145.94
785.07
887.0
893.05
774.67
349.65
887.45
621.06
727.65
192.97
865.4
412.85
519.67
755.81
477.02
734.16
905.06
941.2
123.76
773.53
982.1
877.98
699.42
264.99
172.74
637.26
770.95
650.08
123.64
271.49
867.52
154.72
458.25
342.35
479.12
927.47
899.71
506.28
162.54
286.89
127.61
470.26
854.39
495.26
259.95
272.2
183.44
724.6
425.39
929.32
711.62
576.13
601.32
106.8
350.86
423.05
125.14
991.03
482.33
431.83
704.66
837.36
516.07
740.98
768.63
199.22
759.54
785.47
889.18
288.27
407.85
487.71
733.29
797.58
152.11
184.58
379.72
952.89
825.2
424.8
174.75
375.39
497.75
247.43
614.5
579.44
278.48
968.99
394.78
637.02
623.89
468.82
995.0
689.7
439.99
612.22
440.45
353.28
420.51
850.44
225.91
584.12
367.96
874.42
185.19
538.14
414.85
456.45
836.8
693.55
176.35
973.21
929.03
153.84
239.11
621.52
964.74
264.9
161.95
453.81
273.71
452.59
419.27
628.22
256.49
465.79
938.53
309.89
765.97
437.02
649.88
107.27
818.35
725.65
358.61
787.35
340.58
927.67
285.04
785.93
134.95
793.01
203.25
705.84
146.22
684.32
547.53
537.61
654.0
303.23
712.15
473.19
147.38
980.11
946.54
140.36
552.37
686.8
271.58
664.23
245.0
292.09
116.99
664.97
984.54
464.26
430.72
399.85
236.0
390.14
719.27
667.43
391.08
507.48
878.75
245.93
925.5
751.6
538.2
934.56
871.98
269.36
659.2
470.08
847.66
198.6
564.39
139.48
775.13
294.63
596.49
729.25
835.86
477.98
401.03
917.87
921.39
460.99
902.78
920.85
342.01
867.96
111.76
501.39
147.84
609.58
814.01
724.33
595.63
129.39
251.37
956.4
694.58
514.38
110.36
593.23
857.3
303.0
578.07
558.69
678.72
632.26
844.69
971.34
732.62
739.23
537.96
400.12
748.9
291.21
319.56
689.14
903.06
248.53
370.69
170.77
287.27
940.58
167.71
776.85
797.04
331.93
424.68
226.73
625.68
314.88
167.11
575.22
256.27
154.14
585.83
138.98
996.31
600.47
626.63
529.12
474.21
632.32
201.13
739.09
871.81
552.97
770.6
777.55
695.43
332.35
765.67
355.75
822.34
366.87
558.06
553.23
650.97
199.96
158.47
911.92
380.38
984.24
676.81
434.67
618.16
733.8
998.24
881.01
903.52
998.49
769.57
553.14
302.2
883.63
327.52
472.64
689.39
255.46
201.48
746.72
493.55
751.96
782.14
983.0
413.68
207.53
382.5
968.65
247.73
763.2
503.14
816.73
873.17
547.93
606.67
389.23
187.99
188.76
319.04
318.03
956.0
139.9
853.73
155.5
986.26
715.61
373.98
659.64
761.3
846.28
231.38
929.31
773.95
927.53
163.61
941.6
800.63
258.41
789.13
737.12
491.87
711.09
336.83
244.77
464.56
866.7
266.55
314.91
517.78
652.82
930.73
648.88
353.3
391.42
708.52
931.72
938.5
615.81
353.4
860.99
275.46
906.29
353.48
227.86
123.11
492.26
414.75
745.43
874.52
484.75
941.58
994.67
422.14
256.56
161.59
335.63
401.79
991.34
374.33
239.86
952.74
640.18
680.65
828.24
518.52
798.75
651.25
178.81
107.39
790.38
114.5
795.31
432.01
921.97
139.73
144.61
917.01
280.38
789.75
273.51
614.93
278.48
577.8
754.54
610.3
874.46
382.46
590.05
663.68
929.29
694.36
120.8
530.11
111.73
387.51
911.79
422.68
469.89
929.99
732.89
197.96
987.22
691.15
888.91
842.27
993.2
249.61
163.12
118.82
553.11
100.22
779.18
221.17
811.12
373.21
527.97
155.29
234.27
100.81
635.76
133.31
204.74
449.31
968.29
571.13
623.69
376.59
106.14
120.21
577.17
983.33
672.23
350.22
427.13
961.95
291.65
910.22
485.57
749.17
551.62
144.34
216.32
827.07
661.43
678.76
942.32
866.03
456.23
949.88
544.86
638.18
234.46
729.45
325.2
154.11
578.73
164.46
942.13
977.77
775.49
241.23
538.39
436.59
898.19
786.26
367.47
871.14
254.84
371.45
126.15
318.61
765.82
169.36
365.51
829.78
188.81
942.57
298.44
785.64
424.96
504.26
390.32
590.78
501.43
490.5
572.65
200.7
638.4
330.48
518.15
440.66
187.59
400.06
662.27
109.43
256.18
924.76
487.11
126.79
757.79
716.39
637.74
135.67
998.25
124.17
687.0
505.53
856.87
576.43
506.76
741.86
169.57
752.68
919.35
483.91
542.43
486.2
451.97
663.7
612.49
749.69
676.32
191.82
788.47
590.65
239.26
940.59
293.39
767.93
408.84
753.88
674.12
192.7
635.57
681.27
543.06
941.51
133.93
693.96
187.74
543.13
241.23
874.18
416.29
391.06
266.88
630.99
292.28
660.69
585.11
197.72
240.51
208.84
139.8
717.91
568.21
666.67
623.93
843.07
712.77
946.33
709.25
762.37
600.32
203.58
602.23
322.15
475.44
639.44
249.1
395.06
816.9
873.89
778.89
253.09
431.23
870.43
868.44
694.28
911.17
909.08
811.21
933.16
476.46
890.69
240.52
626.98
662.4
532.54
342.53
677.57
554.26
610.45
778.25
550.78
533.58
776.96
883.43
779.4
857.94
737.6
982.97
324.23
224.74
251.12
726.8
184.56
151.25
915.7
604.35
149.58
547.78
517.38
121.74
542.66
354.73
756.81
530.39
856.94
379.31
667.27
866.85
948.93
311.43
993.06
162.04
969.74
745.79
359.98
814.73
191.05
787.21
223.02
421.79
243.25
767.4
977.18
194.17
996.6
276.85
311.67
669.91
137.08
398.81
887.67
439.26
428.14
649.12
735.16
780.23
520.51
713.7
398.75
800.51
117.19
558.73
215.85
118.14
847.06
322.79
775.54
983.69
714.29
754.53
996.6
674.95
969.84
437.71
907.49
571.63
986.0
277.16
296.41
381.49
796.9
751.47
822.42
335.7
452.48
385.54
844.16
279.81
712.77
514.62
239.74
438.94
382.13
314.01
519.7
754.99
975.35
963.5
416.24
846.21
906.65
403.22
498.01
707.99
726.4
704.76
538.74
717.97
154.01
515.9
184.08
932.35
956.7
246.59
289.76
246.31
372.14
452.61
946.5
269.24
637.79
112.3
670.79
766.75
338.68
598.19
169.32
912.96
450.94
612.21
978.0
134.5
276.41
525.33
977.89
294.43
390.92
537.81
560.28
738.3
336.99
244.6
463.32
882.57
878.26
830.28
302.84
465.51
501.82
743.19
448.12
101.24
270.72
416.51
194.92
133.83
524.18
271.71
701.46
383.84
701.78
554.34
285.35
821.75
908.74
573.45
615.84
329.87
956.65
230.7
112.4
781.05
812.07
632.13
293.95
257.39
225.94
254.98
463.23
620.92
101.05
621.51
851.8
832.88
933.86
784.51
293.48
171.69
764.56
517.11
906.84
253.54
938.58
975.96
116.53
472.19
859.87
624.21
625.37
262.92
188.32
616.28
834.75
736.14
280.19
566.36
111.06
838.35
944.47
782.27
587.43
278.54
548.05
458.74
643.18
751.11
965.2
434.03
518.62
527.59
153.68
398.93
721.96
321.61
212.88
454.74
308.12
369.55
432.58
895.09
347.8
747.25
237.82
584.57
644.9
529.27
470.26
743.09
110.99
662.29
368.11
146.47
496.67
482.11
122.93
352.49
316.28
230.25
727.11
455.31
587.22
732.2
779.5
787.92
429.95
538.71
653.69
474.11
193.16
172.9
254.4
113.21
954.96
174.49
574.8
612.11
266.91
574.06
599.98
914.02
264.88
980.44
168.12
197.63
102.39
793.33
428.03
758.48
624.86
225.07
312.76
393.46
962.43
910.16
577.1
670.62
579.55
946.45
495.86
621.29
926.63
236.61
148.15
935.89
276.57
541.41
946.72
277.32
459.09
409.9
555.72
891.23
865.88
298.97
274.83
662.31
114.05
239.93
544.99
745.55
546.69
341.81
211.06
162.84
411.86
278.78
484.33
468.02
331.77
567.14
928.21
439.01
130.71
773.91
273.0
464.62
786.98
348.46
737.14
257.89
725.38
413.95
710.01
985.63
620.14
435.55
490.92
430.77
211.1
148.2
291.29
651.0
421.98
600.29
624.98
940.09
357.66
603.14
480.32
885.45
433.81
887.43
249.89
264.59
422.76
719.61
522.57
662.93
714.91
272.68
388.52
858.8
768.26
485.22
907.33
494.65
477.73
171.47
278.48
200.41
134.41
873.0
104.27
799.53
911.06
315.37
643.52
702.25
284.13
847.61
125.65
785.22
661.98
730.71
219.91
504.51
976.93
396.08
819.59
838.34
155.78
373.13
517.01
243.28
620.4
288.62
362.98
629.09
615.43
357.73
352.14
595.81
955.45
900.58
244.9
573.17
634.13
958.69
993.04
371.46
457.09
308.48
250.57
254.15
989.74
587.97
319.39
295.69
233.84
732.57
167.29
835.73
721.23
203.62
374.13
109.55
464.87
976.97
869.71
150.62
641.72
218.47
454.97
886.49
314.34
523.12
672.86
302.48
976.21
570.77
475.75
514.0
606.48
353.0
672.28
561.18
827.19
910.24
217.52
578.49
625.11
566.09
590.78
256.47
130.84
885.7
590.61
650.15
994.78
392.55
897.4
670.15
735.38
998.94
254.99
821.74
543.31
980.6
322.42
287.8
562.25
827.31
463.51
745.56
868.13
263.8
139.62
132.68
547.82
208.1
380.53
870.97
641.02
817.82
410.82
290.4
918.78
245.76
350.68
879.41
763.62
425.76
133.29
291.64
255.87
680.46
288.58
111.12
456.45
958.12
717.89
897.23
854.35
641.26
682.39
774.11
829.07
863.7
152.42
463.58
948.06
816.47
460.51
373.86
275.59
651.87
864.73
126.56
134.88
511.6
462.91
590.14
849.19
807.66
845.07
637.94
770.07
924.37
715.13
225.08
786.82
730.95
805.38
665.64
397.8
446.27
115.63
520.68
965.3
114.21
849.97
941.3
323.21
463.86
851.63
645.97
238.13
169.22
271.67
845.7
605.81
936.22
724.97
864.29
430.29
748.56
298.02
184.55
641.86
868.67
996.51
411.81
931.46
997.78
481.64
470.82
693.75
167.35
827.47
666.62
669.18
881.5
638.84
386.41
270.08
965.94
422.91
708.0
436.45
277.32
977.59
390.15
596.97
923.25
953.1
180.56
271.36
503.44
619.09
276.98
392.62
494.87
844.56
369.52
559.13
163.82
598.0
215.25
389.59
447.2
917.04
701.97
231.3
331.09
321.57
739.16
431.32
654.93
772.44
370.93
554.56
859.62
409.45
988.92
234.31
547.85
834.91
129.22
451.51
722.55
491.65
897.16
196.73
862.64
481.95
845.82
487.23
445.49
156.58
263.98
717.98
292.32
267.09
757.69
806.4
297.64
446.25
724.51
419.55
637.75
226.96
697.9
947.73
821.29
330.7
322.38
816.86
876.34
164.28
977.96
281.96
492.86
784.9
873.9
389.0
947.34
486.25
175.88
263.83
963.72
311.93
418.13
840.73
614.89
963.99
829.48
250.37
507.17
794.81
775.18
979.6
125.33
328.13
374.35
192.87
906.24
282.11
516.05
302.03
125.62
800.3
852.79
518.41
506.07
675.79
488.74
441.25
954.64
178.34
891.61
694.9
456.55
193.81
859.46
789.64
417.45
456.21
537.79
937.88
678.46
839.74
226.76
286.12
761.17
112.47
994.76
746.13
922.01
537.81
409.03
889.9
180.39
288.86
725.98
660.46
592.9
829.25
327.22
739.62
186.07
801.53
964.57
474.31
860.58
599.36
239.46
512.82
304.77
381.22
597.99
768.53
215.37
588.23
455.32
746.06
838.94
993.32
866.38
133.28
739.67
130.88
951.91
429.9
138.34
514.7
751.68
509.71
553.26
588.95
463.32
774.87
327.71
171.83
945.55
803.99
384.03
689.74
149.16
672.78
389.46
294.09
485.22
310.11
354.75
104.37
291.25
463.62
370.36
464.55
538.37
634.2
796.08
115.2
503.17
932.44
482.99
814.79
295.97
429.13
493.21
953.79
690.36
827.4
596.46
659.92
120.7
293.43
771.88
435.86
136.21
736.05
158.56
664.78
181.85
929.87
305.52
181.48
215.98
416.02
340.5
558.07
622.19
112.97
786.11
351.75
204.57
703.34
351.58
853.52
921.14
538.68
582.59
640.34
280.31
752.02
252.73
609.5
990.67
950.31
162.78
853.88
353.44
902.3
935.55
281.63
445.86
794.49
431.68
894.79
425.58
590.59
214.94
768.88
243.41
697.8
102.04
224.81
280.78
603.0
144.87
781.08
216.46
524.71
186.3
449.62
440.78
771.38
643.22
219.85
557.84
366.56
616.93
756.47
400.09
898.42
739.71
619.94
177.02
789.02
685.1
920.75
273.66
793.65
943.52
495.06
973.26
115.43
829.45
809.87
934.12
847.19
193.91
667.47
119.26
929.21
595.11
834.31
637.37
335.25
923.45
836.76
120.67
269.92
255.47
925.78
208.66
423.12
695.64
693.8
377.52
636.57
294.55
145.39
309.96
479.2
310.47
226.96
104.39
520.08
542.2
953.08
232.63
898.53
517.55
800.5
724.76
628.05
645.94
696.96
474.4
846.2
914.02
770.12
435.52
531.03
105.9
398.86
189.97
401.09
140.47
866.31
904.0
267.77
711.9
318.49
745.88
215.03
996.4
631.67
135.58
612.31
381.27
534.45
703.97
731.8
367.94
329.05
349.43
550.35
438.87
319.99
857.39
408.64
377.37
613.24
618.15
334.94
638.28
174.75
545.9
949.58
970.99
789.18
434.95
594.46
617.66
586.32
637.61
939.75
528.71
933.96
385.65
836.66
565.47
299.61
919.86
923.5
419.14
585.77
560.1
254.22
902.94
671.14
784.04
627.42
285.58
128.45
671.7
269.04
513.11
397.62
857.19
383.82
261.07
308.01
476.15
537.82
557.71
211.95
624.41
114.48
518.96
889.18
590.56
225.75
111.59
466.96
831.1
349.96
410.41
907.04
494.31
671.93
539.58
516.79
543.92
667.82
614.7
191.91
406.04
510.46
713.93
448.59
454.5
161.23
223.11
685.3
117.93
262.15
656.38
873.73
930.3
463.01
742.53
411.06
575.37
457.86
203.56
653.13
425.84
111.77
291.15
780.75
170.34
612.58
418.49
204.53
651.59
249.0
288.7
947.22
576.49
514.65
535.17
451.97
116.95
211.3
256.19
310.26
386.33
952.96
866.95
475.47
224.71
673.22
345.1
421.12
288.67
408.29
990.67
354.2
361.33
120.02
426.69
545.08
783.52
640.06
308.76
988.78
602.87
591.28
262.18
535.76
593.97
272.28
266.29
610.37
388.26
554.13
768.67
769.59
276.13
856.4
840.78
884.07
301.42
680.94
317.75
745.62
614.26
917.6
653.77
480.99
857.43
608.81
440.38
697.74
747.31
783.7
929.73
257.79
445.13
239.79
927.17
203.62
575.29
587.23
696.49
249.28
307.84
159.28
391.03
153.47
212.43
229.22
868.54
791.56
457.05
452.41
938.37
992.91
894.83
247.9
275.5
607.7
340.46
442.3
138.28
532.56
969.24
172.55
781.52
896.22
877.74
290.72
657.68
100.97
772.73
313.32
745.01
283.78
524.31
339.6
243.46
767.17
348.31
450.29
990.2
824.78
437.66
164.92
588.73
489.93
100.89
207.06
276.2
211.31
683.98
691.24
654.37
247.63
107.44
677.1
438.39
140.87
670.74
585.84
238.2
668.09
531.53
957.87
994.25
453.94
188.97
987.5
501.94
320.78
644.15
250.9
940.77
500.24
975.51
675.18
272.87
893.42
486.22
494.03
167.42
694.65
238.64
852.85
489.3
270.59
451.4
189.27
492.29
803.53
839.22
973.3
780.52
620.15
355.4
270.4
139.25
780.17
325.73
546.15
177.79
838.65
809.59
227.28
175.24
264.18
541.63
480.44
136.99
900.16
908.1
537.53
282.01
250.6
300.57
872.7
448.78
729.17
728.52
651.01
460.15
810.79
747.57
873.11
916.51
711.57
149.21
338.69
151.52
291.61
292.97
661.03
275.79
133.13
376.65
779.04
659.69
576.87
976.37
123.23
708.43
230.55
241.58
674.7
142.02
872.56
315.3
277.16
127.85
319.0
305.62
230.61
151.35
593.96
491.31
131.45
918.06
771.25
298.28
613.58
975.18
720.97
352.36
934.52
431.59
362.3
196.34
811.32
571.24
460.06
601.09
634.48
873.44
664.28
200.02
747.6
350.11
964.28
140.61
823.0
274.3
671.76
665.89
842.06
968.29
867.57
143.32
714.09
972.58
930.52
507.62
254.81
877.55
956.42
254.63
226.03
984.6
312.09
211.87
326.97
998.43
258.04
148.74
902.17
728.11
142.2
226.81
105.32
695.73
938.43
128.49
111.48
261.61
135.59
140.48
529.79
953.79
504.52
343.19
533.48
858.58
911.13
811.2
605.21
650.9
300.69
786.32
472.15
120.36
797.56
742.84
494.1
750.84
453.55
232.88
259.6
257.49
385.59
295.9
723.9
188.29
765.41
922.36
126.41
925.88
384.72
699.98
812.25
216.66
654.12
413.11
756.77
866.71
243.83
472.62
496.96
252.17
425.0
795.88
338.13
969.69
966.84
418.18
419.09
693.45
248.72
618.35
347.61
257.16
574.84
335.53
319.5
668.57
285.27
706.35
710.88
688.03
701.01
382.94
254.45
431.49
103.51
111.19
638.33
779.09
984.11
729.1
948.83
990.06
914.38
712.54
986.12
175.66
617.05
179.63
193.34
262.07
424.43
895.1
298.06
432.02
473.65
592.23
493.51
856.78
827.63
922.85
579.05
931.87
733.83
777.22
512.9
615.69
447.42
421.34
904.37
195.65
501.8
204.25
797.99
807.2
532.61
513.0
270.3
840.19
436.72
771.41
459.28
565.59
128.17
572.49
169.32
659.28
922.91
112.97
536.07
381.64
842.53
875.39
255.31
397.18
318.76
128.68
364.47
939.92
122.22
989.91
704.99
501.81
660.39
382.86
389.68
217.64
824.68
957.65
795.68
601.31
651.28
880.46
385.04
679.0
257.49
985.34
137.33
822.58
115.58
598.3
987.69
224.13
696.47
992.54
581.68
507.54
337.03
400.64
193.7
477.67
673.92
489.43
133.07
655.58
975.57
886.08
586.25
106.83
203.16
448.89
984.88
733.53
363.55
490.17
423.09
496.45
492.13
176.65
629.93
366.78
362.49
159.58
705.44
191.9
710.92
752.35
576.81
785.24
795.88
797.43
264.21
869.12
954.09
569.48
115.71
809.97
978.6
610.34
567.78
182.37
511.8
293.48
430.83
199.99
309.27
938.66
982.06
248.77
970.74
282.3
335.23
933.07
648.8
333.48
141.86
394.45
533.04
500.09
143.6
518.16
424.91
409.25
276.47
831.08
237.06
917.15
880.09
865.14
469.51
337.63
709.75
699.56
210.96
302.52
763.58
525.93
224.06
604.16
563.35
417.5
354.39
778.9
245.74
430.44
820.55
294.04
142.38
333.35
399.62
265.51
355.33
646.43
441.5
282.65
729.89
421.0
723.07
541.62
355.33
894.15
331.17
498.99
686.15
796.49
284.23
444.12
817.98
601.08
200.41
448.44
790.29
302.19
159.91
131.0
669.18
675.63
753.54
802.4
730.1
976.28
845.66
367.04
781.54
330.69
689.18
635.16
450.21
131.34
877.18
974.26
834.93
349.61
134.59
797.65
311.83
888.95
755.63
711.48
404.82
508.07
993.08
776.29
442.75
186.45
589.54
947.91
713.44
782.54
809.61
941.74
925.12
498.79
114.63
482.65
128.7
968.52
386.68
269.05
824.9
787.29
526.1
529.22
692.13
686.58
796.04
741.67
252.19
629.07
706.29
414.58
870.26
396.85
290.48
208.96
206.15
600.46
658.16
226.27
439.87
863.32
802.08
510.17
434.78
591.77
663.55
702.48
767.13
958.77
462.44
952.34
172.63
602.12
418.48
217.26
537.39
471.1
414.08
154.61
415.33
283.95
145.94
677.11
362.29
573.58
463.25
953.14
138.03
141.91
882.23
787.5
868.7
743.52
633.4
447.38
656.55
411.86
504.13
430.2
827.34
210.26
880.88
828.83
161.54
148.85
123.84
188.53
963.53
467.04
902.41
627.33
318.97
572.27
310.99
992.79
506.11
494.71
111.91
793.16
805.0
283.94
720.24
875.17
386.59
328.26
864.24
696.04
984.24
735.6
165.6
583.9
832.16
243.07
486.65
987.35
300.1
109.7
440.73
161.12
491.35
682.57
206.59
546.72
531.41
910.4
256.43
609.34
876.67
336.48
381.43
917.19
714.53
303.72
964.84
637.67
946.94
354.31
725.87
460.85
590.45
518.9
839.73
599.2
285.37
882.62
964.5
843.68
274.9
378.08
807.52
166.84
158.53
335.65
288.83
428.4
863.69
683.9
969.01
510.44
156.77
631.94
289.59
526.82
227.93
914.55
149.21
825.19
286.58
871.42
862.46
287.43
690.62
782.75
218.23
810.0
511.87
847.14
625.23
509.92
279.4
449.6
181.19
419.5
732.67
394.45
526.1
332.93
514.52
891.63
423.76
294.54
183.51
872.99
915.57
865.94
788.95
778.35
468.47
351.72
927.45
294.09
609.27
348.55
415.47
108.0
677.07
386.88
931.09
739.85
596.96
166.87
198.06
470.59
948.61
974.33
146.21
852.14
937.14
146.74
923.78
400.12
501.09
107.58
510.31
729.32
555.75
678.69
780.06
462.69
818.15
686.79
716.93
992.73
816.4
188.76
822.23
444.52
877.46
230.09
444.38
869.35
440.7
654.47
702.84
628.67
688.06
762.86
527.45
927.54
248.92
665.77
711.42
296.72
155.27
430.18
759.65
628.67
683.37
967.62
632.99
150.59
474.24
520.63
809.61
748.47
909.08
349.9
256.45
647.5
918.13
516.89
871.44
212.06
260.69
769.28
257.56
858.97
942.03
745.35
563.21
696.19
794.19
827.63
463.32
969.02
170.22
434.6
501.92
592.21
477.84
193.72
892.01
724.92
110.06
739.96
588.51
489.57
804.67
461.84
150.66
683.76
480.27
151.92
661.7
549.05
925.44
485.64
755.62
726.71
251.55
614.01
182.3
928.29
941.96
172.58
457.38
903.76
323.78
654.79
693.81
893.26
496.91
708.6
270.57
287.29
199.51
479.7
866.8
667.71
373.46
970.97
213.24
351.59
898.2
920.37
113.54
714.86
141.14
917.76
700.15
567.74
186.03
903.53
748.44
509.58
389.67
332.2
635.84
302.88
941.54
692.12
871.28
249.28
835.97
865.14
361.61
254.94
959.23
521.2
701.05
920.88
695.44
109.06
406.0
142.69
769.32
382.2
528.0
545.56
566.91
158.0
942.43
958.53
228.34
148.1
935.21
434.35
805.66
317.02
328.3
757.72
426.57
540.75
877.87
548.01
397.77
830.76
473.17
349.18
459.86
603.03
178.47
292.45
423.88
175.36
264.51
539.14
544.54
678.66
480.95
425.2
766.99
314.06
564.82
257.75
867.2
518.5
614.07
936.03
142.37
676.35
136.15
291.01
218.97
624.22
279.37
707.65
227.0
450.52
777.01
497.05
956.88
895.28
535.36
586.23
601.22
744.15
997.05
813.89
336.44
833.79
558.93
821.23
926.03
968.92
568.73
230.35
319.29
293.55
417.39
639.26
658.79
396.46
736.19
749.45
963.43
567.49
228.55
413.79
343.28
460.27
965.74
513.23
557.76
490.86
388.71
701.66
892.77
815.67
424.6
936.75
303.56
143.57
770.34
142.77
701.31
681.18
337.87
912.33
424.78
619.6
186.27
603.54
282.02
831.69
464.96
291.03
863.7
264.04
185.98
323.7
870.93
917.26
412.19
436.65
255.24
524.42
271.18
362.52
326.63
518.52
635.59
305.22
789.0
930.08
225.22
932.59
614.99
799.51
664.08
503.59
656.9
783.92
197.01
792.22
651.63
146.71
184.43
294.3
505.6
743.77
488.69
270.29
154.11
624.31
229.77
420.63
687.84
765.72
396.23
983.45
375.41
934.28
403.16
272.21
873.05
106.58
994.36
484.87
149.88
870.48
866.0
354.39
354.21
896.06
573.71
347.98
450.23
289.39
979.21
756.59
852.71
189.08
132.64
382.45
296.36
755.52
607.01
155.08
700.73
955.77
405.49
202.78
814.92
628.76
787.23
813.64
888.55
430.81
416.11
782.49
134.95
488.05
756.67
345.91
958.71
469.52
100.73
605.87
476.89
374.98
857.42
492.04
794.92
722.13
729.38
211.84
989.91
140.21
157.48
564.92
843.76
865.52
335.21
657.73
601.08
529.11
916.93
100.55
376.88
331.1
154.19
756.08
574.73
420.49
689.59
156.51
661.74
632.61
105.88
421.45
232.67
124.42
879.64
483.53
795.28
108.38
469.3
171.89
110.09
839.71
835.33
562.86
364.07
247.61
322.26
506.39
669.44
837.15
792.15
552.38
236.99
883.92
175.54
357.27
157.21
189.66
385.77
977.68
979.43
645.9
113.01
808.86
860.05
258.93
238.65
592.0
907.33
913.29
440.43
251.23
754.1
241.85
356.48
573.97
796.75
774.48
660.91
346.75
355.27
881.98
774.74
377.49
103.58
808.72
344.44
810.5
459.41
466.47
535.9
145.15
807.68
988.81
493.7
153.8
209.67
520.39
836.03
489.88
682.34
422.24
701.34
915.49
582.72
399.66
676.92
456.91
617.2
143.48
224.59
624.39
847.88
125.77
951.99
818.69
170.38
687.27
569.5
445.87
770.64
755.84
992.43
167.71
144.02
569.24
141.24
364.52
158.15
877.79
745.08
823.65
170.94
675.64
108.49
339.26
646.01
824.97
979.17
570.57
909.23
399.4
607.31
120.59
635.07
473.42
746.27
865.56
287.78
249.05
546.16
178.47
870.69
302.33
116.08
602.32
289.43
902.63
496.43
698.61
563.04
241.01
528.3
603.85
512.45
769.05
423.34
401.58
269.03
620.74
192.66
704.74
634.07
797.96
430.39
365.84
397.6
321.54
803.73
181.21
278.23
705.06
428.67
839.51
685.22
203.85
316.52
522.42
508.98
851.13
529.72
670.83
162.65
194.81
693.46
705.79
472.56
839.16
131.0
556.68
501.73
958.36
246.42
194.73
371.84
714.89
948.44
697.18
889.58
969.14
410.33
624.45
943.02
856.21
849.8
237.18
164.82
430.88
676.51
576.77
943.52
519.49
810.53
800.35
179.83
510.04
772.84
941.97
444.86
772.08
364.43
393.68
691.93
756.56
115.73
454.13
492.38
498.62
917.18
445.01
612.82
179.96
830.18
318.12
966.91
381.36
174.7
966.81
956.95
229.91
903.81
101.71
282.51
760.42
153.92
829.02
185.53
398.66
350.53
673.99
791.31
934.85
589.92
273.21
510.55
590.95
774.47
698.21
439.58
595.03
184.96
679.69
208.04
987.4
896.67
235.44
948.73
606.27
741.77
466.01
720.22
310.94
279.61
510.21
832.26
841.35
481.43
368.35
120.8
175.79
821.8
615.59
887.52
862.86
371.28
698.05
826.93
430.03
245.1
340.29
215.13
699.57
845.49
423.98
560.48
689.8
832.98
199.92
781.95
971.84
348.88
664.47
938.97
288.24
830.96
563.58
181.91
465.26
650.07
599.79
699.86
256.16
887.1
613.96
333.53
948.03
371.89
665.0
435.8
412.21
103.56
386.53
651.76
504.94
459.35
794.51
279.4
492.25
828.97
417.04
663.58
211.3
140.86
718.81
871.74
442.14
436.47
614.67
265.46
173.53
508.07
375.8
756.05
968.46
474.59
620.4
718.15
965.53
660.14
581.82
458.44
217.55
295.13
114.33
243.44
957.81
367.61
891.28
696.01
144.66
730.38
556.44
268.76
980.38
310.93
942.66
785.09
437.34
816.62
359.86
294.84
975.04
954.81
747.95
804.58
607.39
587.25
983.12
340.31
276.91
781.93
913.63
784.99
114.9
465.49
177.76
840.85
886.13
621.85
116.82
987.82
792.42
927.07
313.6
551.63
116.15
509.49
994.96
495.78
753.55
967.43
130.34
217.48
529.17
535.34
667.23
680.04
594.06
131.55
505.75
276.21
992.88
486.55
845.46
103.8
151.09
343.12
160.48
102.71
221.05
830.47
993.05
943.65
279.78
532.68
841.39
695.95
660.79
969.15
580.08
245.45
454.56
630.98
368.46
636.36
693.76
922.27
328.64
494.16
265.54
257.36
547.97
770.86
251.08
794.28
337.95
993.59
985.0
683.35
693.2
120.62
462.88
580.9
687.48
254.54
417.33
772.89
580.79
140.38
878.98
722.3
121.57
158.45
680.08
618.06
107.27
584.53
487.3
642.31
230.7
259.22
108.71
751.79
627.72
829.43
174.43
149.18
230.86
846.12
942.11
329.77
613.82
608.81
272.11
909.67
409.6
409.85
986.89
543.69
556.67
341.61
595.94
750.73
812.29
442.24
190.07
251.13
708.96
385.23
934.26
824.48
885.32
128.67
246.01
372.51
509.94
112.73
844.64
741.99
590.84
282.58
349.97
244.78
271.49
603.32
377.8
158.97
868.33
551.42
304.2
983.07
750.82
882.96
392.26
616.98
858.66
930.43
403.72
965.59
395.98
251.32
188.77
509.22
238.58
100.21
903.7
218.41
599.76
285.94
874.08
913.46
799.04
782.92
300.91
457.64
413.24
181.57
301.37
769.99
185.5
350.81
595.6
263.92
718.54
389.7
438.32
592.79
462.08
913.98
475.57
163.61
579.73
501.05
376.33
415.77
930.4
125.93
216.62
201.37
390.16
703.84
318.99
632.08
865.96
226.25
639.97
883.97
949.21
250.49
325.9
939.91
935.54
871.87
934.09
740.58
153.06
657.87
369.87
403.11
856.21
408.95
770.28
765.46
138.6
843.54
935.29
835.47
189.23
625.82
198.27
137.8
146.8
996.38
646.3
548.88
912.53
870.0
763.57
142.66
413.59
956.42
435.18
303.52
390.18
934.33
130.79
666.18
219.98
611.27
688.66
741.77
929.97
131.21
271.9
422.53
804.24
808.49
241.68
274.58
829.14
287.31
692.64
306.16
478.69
878.57
593.26
447.05
407.28
685.45
219.84
960.88
506.82
358.31
461.26
461.16
971.49
190.12
831.8
672.08
974.45
630.05
718.41
450.51
518.78
374.22
532.65
537.12
973.29
202.97
927.81
807.63
386.04
878.98
231.92
929.76
721.78
752.34
882.71
647.25
463.0
653.7
979.8
897.09
642.58
642.58
766.36
657.06
768.14
768.52
538.17
436.55
744.97
374.36
131.35
445.54
655.06
512.49
407.93
648.63
209.14
798.55
484.05
198.02
515.32
392.19
926.69
641.73
931.7
191.03
984.39
997.2
775.47
579.62
472.13
382.74
668.44
274.73
765.25
808.63
143.69
489.95
255.39
690.27
136.02
510.32
486.75
270.65
847.31
149.43
983.2
828.9
919.76
429.3
797.99
443.96
317.49
172.2
331.91
631.14
606.12
230.71
560.1
491.47
394.55
296.2
191.69
424.11
547.8
244.32
840.63
443.23
200.38
768.93
897.02
485.17
902.47
986.25
455.25
357.9
212.55
290.04
392.39
587.38
969.46
667.93
386.08
480.54
989.18
535.75
733.38
204.52
681.1
515.39
318.46
703.49
918.31
360.62
440.67
333.13
590.16
794.0
852.17
735.91
718.8
155.45
967.98
928.69
680.6
696.36
602.33
582.32
209.58
141.32
172.63
764.01
466.03
822.97
155.78
203.02
272.75
231.08
506.76
266.64
987.31
292.47
246.59
756.66
426.33
781.73
121.49
140.51
978.22
226.85
813.79
840.31
313.63
875.43
230.03
683.06
146.4
993.39
436.55
374.2
293.53
523.74
173.33
141.34
178.97
292.59
665.29
116.53
900.43
675.29
791.54
792.62
202.95
114.63
100.81
330.74
190.92
326.1
245.51
434.33
189.96
406.22
236.32
597.54
182.28
350.9
647.84
847.43
188.36
147.35
144.79
164.53
134.52
836.9
473.55
373.63
577.93
798.94
296.74
679.9
572.45
655.69
560.74
796.32
790.25
651.89
486.52
480.22
857.56
429.42
769.79
710.57
655.26
737.6
551.36
235.87
249.41
106.43
111.26
439.98
562.23
527.28
642.41
355.3
753.51
101.6
755.95
987.74
